PCoA1	PCoA2	id
-0.178198625173613	0.0781250989223114	1
-0.0757368857498978	0.301791725977354	2
0.0711811766941952	0.179050907001252	3
0.0715972069232445	0.139539521887378	4
-0.414139970303679	-0.0482137493827683	5
0.124439288844042	-0.112026145896786	6
-0.306348618805576	-0.107663362353801	7
0.0210295471650124	0.0227426542743012	8
-0.421981728262213	0.105866071182643	9
0.0528456265500117	0.250899857579869	10
0.187749168270108	0.0128721716335205	11
-0.0688255991892332	0.100619918722565	12
0.040909621919953	0.108948859849776	13
0.070978263928254	-0.0360598277013638	14
0.0908341037508549	0.182729487330756	15
0.0893304795850287	0.128529120866483	16
0.0698304281645477	-0.16984151052482	17
0.0523936228961234	0.270012985750296	18
0.0681654153972907	0.202701278164151	19
-0.178608661840204	-0.160290002131956	20
-0.0820979292234164	0.251567367695539	21
0.0832761954446215	0.077691030647997	22
0.0732239405461239	0.0695985481704974	23
0.038204958120779	0.0585475820748097	24
-0.0741642470681182	0.00684961733711795	25
0.0433422636875147	0.200760120526544	26
0.00942376952175504	-0.0729395168573325	27
0.0482912439492995	0.278061096045105	28
0.0637160446157102	-0.253831035699179	29
0.0887902897792949	-0.0503505221439877	30
-0.0152255295508657	-0.10214514353212	31
0.126690850324482	-0.0066948199678063	32
0.154578548662396	-0.423186844236865	33
0.0436386496847492	0.0931212216841358	34
0.165364783466052	0.0874579960275307	35
-0.352253586585771	0.0458407913898356	36
0.0810231502142487	0.246595430864005	37
0.0873655948615129	-0.380604457589716	38
0.0752754358373088	-0.349561885743913	39
0.0532453318442864	-0.16074042192731	40
0.028124399386572	0.119116830341038	41
0.0888228310679372	0.000903300896890277	42
0.0439983665989446	0.04794323061225	43
-0.198240568196134	0.0970034039023372	44
0.103870074171403	0.181674947134183	45
0.0918730190409972	0.171160296740919	46
0.0535810031474737	-0.00776562640097962	47
0.113586167147921	0.302911072873052	48
-0.15152056475057	0.080527697374569	49
0.180375670309541	-0.21779486016612	50
-0.267824264798375	-0.0591101374203922	51
0.108451597485638	0.243130526784473	52
0.106212004465883	0.164077757837239	53
0.150263881344131	0.0061143646076497	54
-0.258725901475104	0.119568017755216	55
0.0353007565641354	0.124277385974389	56
0.0408217770962096	0.131325786244411	57
0.139752341662131	0.0177439244113458	58
0.0863862809139319	-0.0385270652483197	59
0.0816425998871408	-0.257587698301771	60
0.107688466341951	0.328513739418733	61
0.154329381157963	-0.00618064905818494	62
0.135280182726826	-0.360966686512039	63
0.0835884857582909	-0.299931615837279	64
0.102099684487023	-0.0966730049144474	65
0.0498926420730605	0.0428712804260679	66
0.0507371720507267	0.266771905025974	67
0.081642879912046	0.182185917193128	68
0.0159496546631691	-0.0688823513675822	69
0.0765239172691092	0.0253160803464393	70
0.162253201410276	-0.0826117246448036	71
0.169404054411392	-0.097859347965687	72
-0.267164938620132	0.0518395685006731	73
0.107811372835511	0.00388585544506189	74
-0.52640694762703	-0.127808856556534	75
0.0466280668486889	0.146927889381985	76
0.0953736775642491	0.0446142858140869	77
-0.449261181200556	-0.0208283212931662	78
0.0532136371867654	0.103496028040246	79
0.0159342579716272	0.258750368197814	80
0.16665155909649	-0.396093401051329	81
0.0726154847219713	0.108830014046776	82
0.0957327585815425	0.172284401362068	83
0.114846120318224	0.198617216493808	84
0.106313946174605	0.0998557110360453	85
0.0979986418846604	-0.222110844668239	86
0.0474203126409178	0.164434801178231	87
0.0497325233629464	0.356872240694138	88
-0.0350911573848772	-0.130956185291448	89
-0.61366484379899	-0.0910551743896106	90
-0.0266529234016176	-0.134332917491468	91
-0.383464214667841	0.0240152749251904	92
0.131365349370671	-0.332623409713413	93
-0.518269150312962	-0.152590502789995	94
0.10130844649374	-0.144857713469779	95
-0.102064676227094	-0.263863876164366	96
0.194399968274172	-0.438324699363896	97
0.0788048117656868	0.0311075884640102	98
-0.493281730481695	-0.0499551127328488	99
0.140569905836286	-0.175744663949694	100
0.0493749389535406	-0.266830829951455	101
-0.00238631695363125	-0.0345904141768197	102
0.148652126035247	-0.149763767523067	103
-0.176855097539947	-0.268485543443546	104
0.147108119021383	-0.0472908325882682	105
0.0554400789003863	-0.0944974215656892	106
0.111560647082457	-0.201890400534934	107
0.116169797125805	-0.393921725661511	108
0.0133323943342485	-0.123683350213516	109
0.108313070251972	0.213493731981499	110
0.0463900643541081	-0.0812661957942277	111
0.0940703612628254	0.16743561496929	112
-0.49007865525559	-0.121417205206478	113
0.0761252676781368	-0.171419067148943	114
-0.0138128712055841	-0.0630051604924787	115
0.135312920025287	-0.235547600400402	116
0.0591103747739154	0.142760087735283	117
0.0384349963239602	0.227872127257419	118
0.0169737750514828	-0.1584850875327	119
0.12795789492745	-0.261954327339835	120
0.0622733160172278	0.112537678258362	121
0.0821208144739762	0.166095020703211	122
0.0847428853900806	-0.262810938229522	123
0.092788937187765	0.271252142519631	124
-0.48623330737388	-0.0449323981792034	125
0.055860014247353	-0.0205305129941705	126
0.171742052271266	-0.0122652646196947	127
0.149116954566935	-0.300726542012666	128
-0.194107403385541	-0.197147202476742	129
0.024076328497264	0.276035757788995	130
0.169806124043298	0.101188492440101	131
0.107454929750169	-0.339591230398518	132
0.062710311290049	-0.144961146866296	133
0.216072500563787	-0.105985938288984	134
0.124294139062553	0.174212747798978	135
0.184423527257012	-0.318841010908902	136
0.140914302181848	-0.0961771185438023	137
0.0828877859856801	0.057116318969252	138
0.0631855927964795	0.070765293579425	139
-0.0221100931286787	0.0591788160446161	140
0.043337454818138	0.142649038708079	141
0.180817955055846	-0.31167177858694	142
0.0460143668217495	-0.112861961918053	143
0.0219587970702782	0.239346146920386	144
0.165785307035905	-0.0767212564489838	145
0.0852948799178244	0.269990128841169	146
0.0562477078919295	0.101582968832361	147
0.0899114571618426	0.202409734236488	148
0.170894927938516	-0.34439933134768	149
-0.411241201650199	-0.286111052342526	150
0.0122596323258135	-0.0433056133253974	151
0.212699821161589	-0.408017169396969	152
-0.091940521046454	0.104883653871564	153
0.106258920380165	-0.120905500420369	154
0.124100320627491	-0.1768982916575	155
0.0214765386488918	-0.230249153723253	156
0.169204343648433	0.0641515585721478	157
0.171040661936734	-0.0527444625697557	158
-0.201038689278084	0.140747851378634	159
0.0273416215990623	0.201271810715225	160
0.164634525065483	-0.321395942652471	161
0.09897394294193	0.351316543719844	162
-0.00336544909939423	-0.123479557803111	163
0.0796316963235279	0.239395717521678	164
0.146885697356781	-0.016374425937131	165
0.0821241859920898	0.195090799176918	166
0.192621248663685	-0.131550247540616	167
0.0878940293025289	0.168718381993841	168
0.0430606893688869	-0.159087012224976	169
-0.0146786185871711	-0.0864050561814161	170
-0.4592843852359	-0.00639982979744521	171
0.117680405531185	-0.092840358247982	172
-0.526076945646344	-0.0309986617458133	173
0.0983423047587585	0.333716620256402	174
0.0488440879308596	0.282401258276731	175
0.157592923326193	-0.120064010106275	176
-0.229972498208481	0.0513276103754863	177
0.173014418902034	-0.193787166861258	178
0.123581344110009	0.261890928592846	179
0.0945704437656649	0.342489152384152	180
-0.0869415328557695	0.124629446375769	181
0.0626070566675918	0.168547771647272	182
0.05687815711172	0.276945829715135	183
0.10292805265133	0.132164670560497	184
-0.266520611749948	-0.170236640847145	185
-0.234548361280731	0.258070896013205	186
-0.441060086927116	-0.0183140069271424	187
-0.0307149592494085	0.218748062229633	188
-0.455526321194928	-0.0520862759129114	189
0.0649417979867302	0.200542699082908	190
0.199848110141979	-0.157358395509777	191
-0.508329532025029	-0.0247688820627724	192
-0.0985761140725708	0.233934317106742	193
-0.505559615040871	-0.186580222648406	194
0.0646887853704061	-0.00761621894647347	195
0.0501560420305109	0.164688830580864	196
0.203605421315501	-0.0782820861269981	197
0.0329899352805898	-0.0385283962997017	198
0.093443264899171	0.194171900286716	199
0.159258978908676	-0.18502361475702	200
0.0901556173815621	0.127528599533381	201
0.0614432160305488	-0.0262177187625415	202
0.129958372871275	0.0930897238210315	203
-0.233196081085661	0.0267362664588706	204
0.0148524417098155	0.203063935858116	205
0.0613196837581652	0.0384768720016386	206
-0.425019541765908	0.129903875362974	207
0.10501858641782	-0.0982114358659383	208
0.0446557785903792	-0.231979147559513	209
-0.370538734610685	0.107858815522506	210
-0.0599482341094246	0.105202870354023	211
0.143181913053299	0.0746024196356707	212
-0.322448130819406	0.116583160439304	213
-0.217890527583618	-0.114326656523151	214
-0.474425086410012	0.023945283754289	215
0.0800386667126087	0.0802355190210636	216
0.17714450875809	-0.144038975304644	217
0.084501795471552	-0.0764567874043876	218
-0.234689398181817	-0.00694934767405294	219
0.148724459231646	-0.0294862469676169	220
0.0700709670106205	0.105938199402496	221
0.0307404587249556	-0.182193785316865	222
-0.510849191000872	-0.0207971774609628	223
0.05263004009772	0.11453393920367	224
0.0590659332392101	0.00673048795394869	225
0.19100990842963	-0.129666688287435	226
0.191915989124037	-0.237204113079165	227
0.0496971266252811	0.260421653355974	228
-0.549312134035483	-0.0252683831593896	229
0.192320979405378	-0.029352429030301	230
0.0342850690874264	0.201596606328947	231
0.222709173620588	-0.282427977554363	232
0.181378419265598	0.149627905099362	233
-0.116173930036312	0.0422156952429889	234
0.155560430274872	-0.164758309920344	235
0.0614170514820129	-0.286009930277375	236
0.0895588739586171	-0.267213874028139	237
0.154244003510643	-0.0736380551151183	238
0.0402817767357932	0.178918281347001	239
0.16824338547457	-0.0504324390594847	240
0.165140219582233	-0.0276229426941	241
0.155149516794745	-0.0114825472649746	242
0.15212233959174	-0.142868011252423	243
-0.0182569149874948	-0.210525926624065	244
0.065697229866968	0.26506314125045	245
0.136988888883286	-0.361625034494228	246
-0.0500119189196719	0.195734942568353	247
0.139436145162206	0.222119473829419	248
0.0840423726367594	-0.0632681987667955	249
-0.0364670080001048	0.140533934102083	250
0.0802640885146082	0.297894212584364	251
-0.0103744096930628	0.134356120204182	252
0.156458337354298	0.0988272958408622	253
0.147320020428898	0.0941825497500077	254
0.0784282250673816	-0.271165358354189	255
0.0625626935392841	0.137220621987493	256
0.0906464139493027	-0.122619437349904	257
0.0349446072854985	0.144491897743097	258
0.130589331419096	0.109581973200363	259
0.0192168714593807	-0.17250756918973	260
0.0506834266404826	-0.0154472106909315	261
-0.0130801649007579	0.209666320161341	262
0.0848339875128685	0.187297632285894	263
0.160875735447406	-0.351735466386877	264
-0.454857855931704	-0.248683796029585	265
-0.0857479912860719	0.0721939002315999	266
0.118636011325804	0.220343638684129	267
-0.0130635773926656	0.0243638366001967	268
-0.337060042532176	-0.1321973769936	269
0.135689768428087	-0.0138041085761554	270
0.129441428829122	-0.0685658865729531	271
-0.338652362006628	0.0929422095079346	272
0.0236366618651572	0.0271514488844063	273
0.0907164516706764	-0.319070594859572	274
-0.216198436996954	0.0683686068778335	275
0.221982978323772	-0.131335113083896	276
0.0994735988191081	-0.264880833739429	277
-0.374972250669074	0.0608568232255358	278
-0.191900458765852	0.0730356586001162	279
-0.321701142929611	0.0359447075761003	280
0.105366719034251	0.341214982177229	281
0.000353999222179166	0.128047210133536	282
0.056471440036611	0.160118056080743	283
0.238830631309629	-0.278171372088869	284
-0.159001890339798	0.156588227155309	285
0.116433780348216	-0.227059473601595	286
0.0742652797441054	-0.15869851002467	287
0.053213386280334	-0.0874327566928544	288
0.0677912047056986	-0.0384069666066044	289
0.109104668752667	0.232620421301825	290
0.020743189551621	0.292037827124107	291
0.126110721545407	-0.0563914867325808	292
-0.00234704859936956	0.0686523237214079	293
0.0487680004044836	-0.147417204550741	294
-0.386833705975698	0.18538392823355	295
0.168866978969006	0.0426524562083247	296
0.0669371886780448	0.0148379251094578	297
0.102776039328406	-0.23625626149717	298
0.0882510350928849	0.314917712998377	299
0.102195391457549	-0.176270262578806	300
0.106295454666108	0.161783911629605	301
0.221314367051275	-0.0614124609648242	302
0.012272807736601	0.0202894086032525	303
0.0787512996869052	0.116978375551565	304
-0.223893426960934	0.0820152409444086	305
-0.154076590630572	0.0554012308962454	306
0.00246741543127972	0.00967287605175664	307
-0.41767306321663	0.0707927230725149	308
0.129099677426807	-0.179226474265607	309
0.0663959361667079	-0.119606126038406	310
-0.134525542494668	0.0825830179515196	311
-0.132411016686769	0.0362010001202817	312
0.088675515920321	-0.260486895603105	313
0.00566977717531692	0.0941098592192368	314
0.0198867840539605	0.0429120160456494	315
-0.582392217442186	-0.122577852460647	316
0.0341462634660935	-0.100966072551263	317
0.190932174095644	0.0675318425919182	318
0.192879408482731	-0.24680605977356	319
-0.0545791933854771	0.05732708668389	320
0.170656698524575	-0.34339565313223	321
0.157656508407865	0.0607561009086761	322
0.210332887480381	-0.036529259796132	323
-0.390243681627671	-0.081940242935229	324
0.00165091650830514	0.0921208978268071	325
0.0276854415921589	-0.216141432326328	326
0.000556604587608526	-0.109654785634328	327
-0.043229045520215	0.186901110055642	328
0.133415410242275	0.120793486737608	329
-0.00457097683980944	-0.169199234471035	330
0.198963160785619	-0.142928806103025	331
0.0452815339297789	0.236624917487687	332
-0.528571749286009	-0.0513802882979526	333
0.107914162385011	-0.29902493033135	334
0.212799286609719	-0.1466973064742	335
0.0900791587339405	-0.376974616739949	336
-0.0664816934689591	0.232203038933929	337
-0.218506986032466	0.0510236963104997	338
-0.0240382814219303	-0.232627211676907	339
0.110607181674707	0.0558937569133813	340
-0.219046957601675	0.0162719292146712	341
0.0972921547706783	0.0111619538848058	342
0.11280402205522	-0.277937652769338	343
0.130951154303103	-0.0911184825452314	344
0.0444818488521009	0.0887729016896178	345
0.140609430891791	-0.0782288847555987	346
-0.0270668459165502	0.257020714258163	347
-0.164414015886994	0.253445033171012	348
0.14871115534346	0.147808301965541	349
0.0860739497828129	0.166578582114543	350
0.117518637437575	0.0145127648662277	351
0.171653449907326	-0.0305444995442963	352
0.14085149756815	-0.139668766220874	353
-0.00749006485178724	-0.090356621085126	354
0.105791968188916	0.0851586265044505	355
0.0365871469524973	-0.250013596295681	356
-0.118233937566091	0.0872711589649642	357
0.156327182108136	0.0545661457336616	358
0.111538385181489	-0.0371599109471633	359
-0.0518830390898454	0.26077170087979	360
-0.363480380241844	0.155288620969567	361
0.0139768887144521	0.0201744728256942	362
0.0606982456962395	0.183774201321458	363
0.206859230142878	-0.428561729519003	364
-0.194659712108013	0.0946514007346515	365
0.0864848009447342	0.104367218937416	366
-0.417260340295345	0.0468889710881232	367
0.173556745499977	0.0923495042337371	368
0.0281434693733065	-0.0921752592739872	369
0.115802774550729	0.273903347023794	370
-0.369559630246211	-0.0649055724210975	371
0.13163119194503	-0.235240255040602	372
-0.329282992056837	0.0800566876360244	373
-0.436887155789777	0.0630404016823563	374
0.054129624166774	-0.0574842503090714	375
-0.233993497272377	-0.0538310473821858	376
0.0950914894940267	0.327360174726639	377
0.112862869809055	0.0357256042786081	378
0.13161732046828	0.110072374728755	379
0.0334132572893979	0.153781371250023	380
0.136684667302019	0.292137731990093	381
0.141540716199249	-0.161567596399873	382
0.087245944286176	0.225891757066333	383
0.0782278292852474	0.199528851744615	384
0.238571061530003	-0.344658340437423	385
-0.571518272691015	-0.148284790243937	386
0.0693488569061224	0.0271697205343723	387
0.187961351780176	-0.0390741806439945	388
0.0933516942985027	0.167311436379884	389
0.127189287362412	-0.235336758282929	390
0.0353992890570987	0.215072152110437	391
-0.282155067142803	0.00371896513494481	392
0.106218391577409	0.229930767463802	393
-0.112291257140632	0.150444346866882	394
0.174433667787675	-0.0519021201720703	395
0.0268023570598928	0.230662047278798	396
0.0531723161789553	0.253381398123501	397
0.0690248923229422	0.138644099508817	398
-0.176240248649999	0.0403347525278766	399
0.0777854318924369	-0.221839394809907	400
0.0840276597429443	-0.271807961683468	401
0.164261977960412	-0.36706231481195	402
0.0431745344235965	0.0423937665631816	403
-0.197714356124041	0.0807360241004638	404
0.0673834208947083	-0.272637389231664	405
0.0663663118900658	0.116730647186929	406
0.111264671527273	-0.0325375951495694	407
0.0950187089919139	0.298005413832348	408
0.130999042195909	-0.387995426575421	409
0.0651002556035723	-0.0565577522565026	410
0.0611608876841256	-0.0198590116072037	411
0.108470397531026	0.283033526525392	412
0.088188695594056	-0.268203648074566	413
0.10470163860928	0.339940165272312	414
0.0472079156001138	-0.0994499721047096	415
0.0940316641640243	-0.00655191933259094	416
0.14192932268143	0.1060614681429	417
-0.437934385460503	0.128059068338173	418
0.0934435166206595	-0.046680457048763	419
-0.138455178956751	-0.0774898496293779	420
-0.0304452139534188	0.345324776723428	421
0.0685516706141576	0.151200419423799	422
0.0396633742442679	-0.176939137238563	423
0.0848841562933747	0.186927501209524	424
-0.0660410484966447	0.0449424073533795	425
-0.226119970986679	-0.280145224135879	426
0.0925747638528892	0.152423110104788	427
0.15076498025186	-0.277417816502636	428
-0.555166541760505	-0.0591257048374854	429
0.0911660907360888	0.124584485164766	430
0.0582307506297937	-0.258062516485373	431
0.120229618829468	0.387364352356024	432
0.149748600090245	0.211861744266278	433
0.0995025458623341	0.161872232946054	434
0.123250395714183	0.0673209356777524	435
-0.077123278982679	0.174985663174224	436
0.0874339301958326	0.144047116317614	437
-0.0605204911212143	0.070240004456409	438
-0.179648734436059	0.227508046445717	439
0.113136001478992	0.237535194635207	440
0.085747248350529	0.187582285088571	441
-0.0928770563309245	0.0662154703433909	442
0.0485637684401162	0.0330382171358217	443
0.105377549036032	0.220069092748165	444
0.0266063992126605	0.275164680940333	445
0.152273977248892	0.198990912444066	446
0.0464950230430364	-0.192126822209696	447
0.114497405198258	0.0942062930280495	448
-0.117237403656741	0.257028063241808	449
0.218533201575638	-0.256056837399241	450
0.0265538577284354	0.306871248490978	451
0.0772700181775257	0.223721893010544	452
-0.101712080878302	0.255252406158262	453
0.157012930651527	-0.161018378915925	454
0.0164094220055489	0.0842751764280268	455
-0.304544344304258	-0.0487802842148587	456
0.148002850134969	-0.0819762539640518	457
0.0844555756565083	-0.199269004226501	458
-0.252507665419787	-0.266396699566727	459
0.105781521886305	0.106768897883942	460
0.108920177770189	-0.00444956420990619	461
0.161538944280401	-0.090902196667043	462
-0.210750641848911	0.150453778369386	463
0.138001683925501	-0.125315014550769	464
-0.0664724139696896	0.131872019301869	465
-0.499833630035407	-0.203501520450449	466
0.131613368635352	0.0538338256424078	467
0.141648059672255	-0.216902490276672	468
-0.0816545545295585	0.0442735117550445	469
-0.536920004528565	-0.0850185679007285	470
0.112256652853651	-0.0003130722652445	471
0.0649515793072337	-0.00333275431544089	472
0.0418839943577304	-0.0234133397270262	473
0.153760773461131	-0.0222411552726358	474
-0.0371558437185005	0.234101577874754	475
0.00595587481445186	0.00127010695963225	476
0.00274250995365289	-0.215555439381961	477
0.117984698700699	-0.109100094740032	478
0.0770673871603568	-0.259913014143588	479
-0.152159006255102	0.111046689296499	480
0.170559444141533	-0.0356737890356488	481
-0.000568981649597464	-0.0404774653132869	482
-0.429243482984588	-0.130331771682553	483
-0.218345944622015	0.188312843025619	484
0.0904612299119566	-0.0970146441878514	485
-0.139194127149718	-0.0753976941813099	486
-0.0719288761093838	0.0484014890989783	487
0.143684547043705	0.0129021729461997	488
0.159068521623734	0.00405986595445746	489
0.186916352971886	-0.0954203267713862	490
0.0527056793415203	-0.31885759254912	491
0.136540581158704	0.118789497128988	492
0.0712505693140856	-0.0522153018275877	493
0.152710358125708	-0.305057237695982	494
0.125387934073606	-0.376236935061499	495
0.13151378276484	-0.032007043149791	496
0.192237476156024	-0.361039452367571	497
-0.482229967039578	-0.086725474263489	498
-0.421680133449373	0.0256890218583388	499
-0.391240052680373	-0.0151799143824813	500
-0.0586864851434134	0.171240810831235	501
0.111456954610266	-0.344112859424321	502
0.0795525271430055	-0.34450035655261	503
0.117369438223084	-0.344184659410413	504
0.0589342392179298	-0.319129361148166	505
-0.0237685092139991	0.0266548621823806	506
0.141108248887329	0.102827649167027	507
-0.202318066631825	0.0717034685393779	508
0.0790340498047584	0.189287469914462	509
-0.497675256727389	-0.0858489637827149	510
0.127674314727603	-0.0242318767225096	511
0.0773922023291138	-0.356539864604239	512
0.110171894998182	0.147417879854713	513
0.206696874133969	-0.442551443398901	514
0.0420279999646151	-0.0110101450960566	515
0.0235066386272619	0.212318818969871	516
-0.0239124028633215	0.21296382078751	517
-0.144524327219785	0.172769177703349	518
-0.571117658498826	-0.0612275864258422	519
0.101197691688778	-0.140340374176901	520
-0.489997308362718	-0.0962561171285313	521
0.129843380400698	0.331344541433387	522
-0.516948036270904	-0.206817439559301	523
-0.395770077697756	-0.00200693196108193	524
0.138394283895767	0.265101356714348	525
-0.526279138615069	-0.141207940478533	526
0.138279709544359	0.178482506161609	527
0.0657502514320751	0.302056775659509	528
0.0204010954014535	-0.063360201429045	529
0.114559132803172	-0.343171961813715	530
0.0140611508555569	0.17445286205509	531
0.104477897923083	0.246606548770185	532
0.00612022441579702	0.144124350240396	533
0.0582709305501701	-0.216099650095056	534
0.117552662717216	0.100240729891348	535
0.150228049927977	-0.182355859632516	536
0.059706599850876	0.316527529425368	537
0.120689416342687	-0.113623644183715	538
0.0264522350142661	0.0549900310358203	539
0.125998118258182	-0.110292164728663	540
-0.120697195310852	-0.0391615769198783	541
0.0609761486670474	0.125729176919774	542
-0.424950773142759	-0.0923282926802472	543
-0.601765971974501	-0.175138097787645	544
0.109221159316654	0.185496184163713	545
0.0878317072614038	0.265838583259854	546
0.0231612282718255	0.063683990747127	547
0.0975181295919384	-0.155920866078227	548
-0.256203359202684	-0.129336331191804	549
-0.00129272085727253	-0.270491079634052	550
-0.41717053061091	-0.192533585486854	551
0.124978374164536	-0.306555390357129	552
-0.119595898077717	-0.125504508273431	553
0.10961386172176	0.018558535718833	554
0.0565244097036607	-0.0659284568455643	555
0.227748804941331	-0.0938727917988033	556
-0.292399545802279	-0.0842529480466402	557
-0.270207704110259	-0.0875467448999652	558
0.148694211295146	-0.314355959506798	559
0.144587486455579	-0.0774397223468042	560
0.0631248825317213	0.325532743364275	561
-0.0320489981750333	0.000498391324399353	562
0.0728009447775479	0.293732101591474	563
-0.00711431467185412	0.257862937609481	564
0.108088112757691	0.132630762145768	565
0.0579075053588623	0.234989670779833	566
0.103260262604423	-0.198365728828097	567
0.0969009549461435	0.227726355945577	568
0.00984604755135587	-0.099934227957251	569
0.0809525568386381	-0.348945207010822	570
-0.518430592742702	-0.158550097793803	571
0.039503654169317	0.321198671086073	572
0.0831856121947514	-0.0682636023995023	573
-0.610087746046037	-0.115310864636143	574
-0.63204290967195	-0.134256098595417	575
0.082313954823952	-0.339123650122666	576
-0.565221006208577	-0.171698906093953	577
0.199308261076576	-0.46884062456526	578
0.0796095631910844	-0.12150265354545	579
0.0909288589957348	0.165802653484335	580
-0.189155733158766	0.137268627363674	581
-0.558003214468936	-0.184009893882383	582
0.112997128512081	0.293312731567986	583
-0.496139692913373	-0.219051792320824	584
-0.0986863635488743	-0.223737337690516	585
0.170612408754208	-0.300432442264081	586
0.149655805810522	-0.269126512867095	587
0.183825021433889	-0.0981520627278567	588
0.0688270878786803	-0.229462442874122	589
0.136019287707371	-0.0646788842085661	590
0.116816233466413	-0.326031100402932	591
0.170176551128982	-0.135377484380689	592
-0.201898294925938	0.0487590887466164	593
-0.503615659497034	-0.0276872781192403	594
0.0210477453115625	-0.00245205204877424	595
0.138209603834049	-0.0509718748504211	596
0.0720316952828365	-0.22698349814114	597
0.0844986013008181	0.24200541238184	598
0.0169752515290919	-0.0213329417386603	599
0.180728194426402	0.0510133721305725	600
0.0462757411846684	-0.0661871114663367	601
-0.48765887949407	-0.218035002299587	602
0.0804145226855335	-0.1560452554265	603
0.106134460046103	0.214676922375112	604
0.165720359484641	-0.125446658805964	605
-0.47466190501889	0.0496462477051497	606
0.142792553041052	-0.0521141979378219	607
0.164359616314046	0.194748695243841	608
0.116322907194104	-0.00499085660954897	609
-0.167307107850686	-0.190622368244528	610
0.0682975453050814	0.00143824969649493	611
-0.015990275632301	-0.277819478152429	612
0.0828219490849074	0.190110273936522	613
0.078972107379435	-0.352581332370596	614
0.140780054114214	0.106649474802031	615
0.159587302721228	0.0170787880498138	616
-0.138158668367971	-0.0259326309444932	617
0.114760488250899	-0.0638916024290802	618
0.145001628195903	-0.404123265809662	619
0.214169949722282	-0.0476706767716067	620
0.114583381601567	-0.180868516328988	621
-0.514690938527439	-0.00861978072132842	622
0.0765015967312307	-0.0119577924292091	623
0.0514862397757042	-0.0129720716579926	624
0.137885219427804	-0.428156385941319	625
-0.00556202601489413	-0.0149747657601038	626
-0.0270435468229008	0.287962330530522	627
0.133944750895214	0.122377084440382	628
0.174679934886614	-0.372434139848383	629
0.1630202383733	0.152561397290542	630
-0.0103331136585873	0.237144425778375	631
0.186798076483584	-0.0267667488866409	632
0.145178916900364	0.0349298552413704	633
0.0792897007007584	0.195454677368891	634
-0.346658798559641	-0.147080043949582	635
0.17407745601367	0.132359909043239	636
0.109368342918223	-0.264113390506985	637
-0.348785210665596	0.0951259110006908	638
0.0625105732340357	0.191503101907473	639
0.0619727052349767	0.32791289778479	640
0.0922697939952412	0.0811234873698025	641
-0.0347555529447798	-0.036086245283587	642
0.0767004912766395	0.191309168256531	643
0.200865917725571	0.042748772738846	644
-0.487458668778892	0.038272666287788	645
0.105304193275389	0.0183336216686335	646
0.172715016870088	0.131537269812367	647
-0.0229360250103387	0.28113331158584	648
-0.488526505247354	-0.0815213154626264	649
-0.0766930446915044	0.230592389984469	650
0.164933348496954	0.150526047320819	651
0.0788413612024469	-0.363603259789508	652
0.119446585335653	0.239740518158726	653
0.192561860672637	-0.0529447392495252	654
0.113517208776174	0.259143109606676	655
0.133550124560414	-0.343167631825075	656
0.136322262842369	0.0470764340842738	657
0.0685586611876966	0.222103142947249	658
0.110499240218215	-0.337693701300622	659
0.0411019630236618	-0.279362165879066	660
0.170114005620715	0.0431409650036279	661
0.114834421297497	-0.173416883174579	662
-0.573679044301427	-0.181649692607981	663
0.138111303466073	-0.0415547354470557	664
0.0698790989477198	0.217756250518104	665
-0.342129933032612	-0.209323443191587	666
0.0143026636879433	0.0986441093940198	667
0.0984225739727865	-0.0102898222821319	668
0.167854583538687	0.00892866639145208	669
-0.356916163523471	-0.0800284279296697	670
-0.055594713788608	0.102996450354105	671
0.111651935117534	0.303967623151998	672
0.0891383328336226	0.137227505775938	673
0.0561752334988382	0.309571905687109	674
0.0626917116893304	-0.0825590904586894	675
-0.00959669165346485	0.223527809363736	676
0.160786760469359	-0.0606187245419578	677
-0.0286700368875311	-0.268578723463495	678
0.134184837602688	0.136380621467334	679
-0.0184192857529111	0.14818498310525	680
-0.588141631139803	-0.116791015743474	681
0.156067795174716	-0.310133448766867	682
0.151617191885473	0.167289565373954	683
0.169250358829044	-0.455010744604972	684
0.072335186028728	-0.33989133047694	685
0.183075612217374	-0.35428258959848	686
0.126698822291121	-0.266357961761939	687
0.109831984819432	0.000297165989236955	688
-0.0274176904766617	-0.033929176007842	689
-0.30559059752648	0.213181889369269	690
0.053602065804426	0.220976273564573	691
0.0738759399613695	0.29565630868075	692
-0.147071035132711	0.128616119070782	693
0.137998108528892	-0.155793705703133	694
-0.332244669733338	-0.185348692850625	695
0.106662913996345	0.173404496143792	696
0.0849643756162954	0.372002559696259	697
0.105585920531897	0.0524444377526932	698
0.119344723996613	-0.364476855417895	699
0.117657993440248	4.75654066239452e-05	700
0.166725501258235	-0.182308974571867	701
0.122463028836011	0.175331502683367	702
0.0845017188413254	-0.269500360652896	703
0.0995873309886141	0.257980252152255	704
-0.143823000727635	0.141879284920013	705
0.12321369591171	0.0325796971886912	706
0.0970233184527005	0.0470084686607582	707
0.0700969039104927	0.275866901462383	708
0.0507848817125052	-0.00469018192687563	709
0.112014911403633	0.365165976655745	710
0.0352865636566834	0.0692512792552908	711
0.109460300049757	0.062517950398519	712
0.137923067720541	0.197018194073978	713
0.0613865000515072	0.153447975734255	714
0.106335995438814	0.207976125284405	715
-0.398960997188048	-0.0231816673341717	716
-0.0047935719715187	0.240562240078281	717
0.172789748899359	0.0183365338511731	718
-0.327368184794972	-0.0588057029766933	719
0.155227519996253	0.18622855816333	720
0.129535873368082	0.175817519704744	721
0.0913874041551187	0.00945646530154366	722
0.0514835348793066	0.125111798756716	723
0.150602789727046	-0.0495603190186788	724
0.0503879985395119	0.138794800647933	725
0.0964563344184625	0.0816432131255021	726
-0.205447028295314	0.181367029466508	727
0.197751835679162	0.0452726226493327	728
-0.554175145296251	-7.82409959421505e-07	729
0.138150025596204	-0.0655917128949067	730
0.199922976865112	-0.015129294764673	731
0.0469312428853884	0.165119790443446	732
0.0107910281391395	0.30675132120225	733
0.160838421916098	-0.1639311981736	734
-0.00843357136546854	0.128696165703652	735
-0.00727179348641603	0.271024011004088	736
-0.463556964311676	-0.0037682287849174	737
-0.37359722185522	-0.0245038327757562	738
0.0361374215734046	0.0604090216017982	739
0.134713557994957	-0.113781303690631	740
0.0604669852036062	-0.150081307818674	741
-0.464672845041225	-0.0220951594221421	742
-0.0180227146218492	0.0474048325531659	743
0.118559235897712	-0.0936340533244496	744
0.0421388330808862	0.153413632308878	745
0.06661893674513	0.237543068395293	746
0.104605988672936	0.122658345840953	747
-0.412939960753177	-0.0316526439959899	748
0.0762543864616756	-0.0338762230856846	749
-0.497417457525509	-0.038259373974738	750
-0.207735892044734	0.0459103589333623	751
0.154918730987564	0.132577546675261	752
0.133579125116232	-0.135392501552299	753
-0.323376070414083	0.066520373899636	754
0.136112945705149	0.119906921361904	755
0.151709196446655	-0.0735024829438597	756
-0.41262174619796	0.121456686965706	757
0.0424186754177525	0.0876522640158059	758
0.0994253167046727	-0.0596736972418732	759
-0.301949069071441	0.061197948415175	760
-0.499440437186939	-0.218256576459998	761
0.0833283866739701	0.175264506210975	762
-0.0849360833061135	-0.0691874705338393	763
0.165623792543935	-0.142993035940388	764
-0.491905414487597	-0.104602973584462	765
0.108650310362744	0.0202929060801235	766
0.133099053143403	-0.0699997503901534	767
0.0731201015796798	0.0353893168683774	768
0.195557948046986	-0.317334982671459	769
-0.15086196447088	0.0204083948495124	770
0.107887980981446	-0.124100234354374	771
0.0721053605084778	0.230752074585577	772
-0.500942391371165	0.0219341190386256	773
-0.444958368827126	0.0297416846587877	774
0.162690325993491	0.0953815799573457	775
-0.00586215538053838	-0.0041448050923492	776
-0.262783635882551	-0.140043425528167	777
0.1081957384562	0.19701644002997	778
-0.127036479883449	0.13112755998169	779
0.124886917465998	-0.0968411635014433	780
0.17404675389285	0.142767250267237	781
0.143463221684942	-0.0441613484872118	782
0.0735895942836192	0.0430352748472882	783
-0.23725556474397	0.139633167066592	784
