parent	child
164	165
165	166
166	167
167	168
168	169
169	170
170	171
171	1
165	172
172	173
173	174
174	175
175	176
176	177
177	2
177	3
174	178
178	179
179	180
180	4
180	5
180	6
180	7
174	181
181	182
182	183
183	8
173	184
184	185
185	186
186	187
187	9
184	188
188	189
189	190
190	10
189	191
191	11
189	192
192	12
189	193
193	13
172	194
194	195
195	196
196	197
197	198
198	14
198	15
198	16
198	17
198	18
198	19
198	20
198	21
198	22
198	23
198	24
198	25
198	26
198	27
198	28
198	29
198	30
198	31
198	32
198	33
198	34
196	199
199	200
200	35
199	201
201	36
196	202
202	203
203	37
203	38
202	204
204	39
196	205
205	206
206	40
206	41
205	207
207	42
207	43
207	44
207	45
196	208
208	209
209	46
209	47
209	48
209	49
196	210
210	211
211	50
211	51
211	52
211	53
172	212
212	213
213	214
214	215
215	216
216	54
213	217
217	218
218	219
219	55
217	220
220	221
221	56
221	57
221	58
221	59
221	60
221	61
221	62
221	63
221	64
221	65
221	66
212	222
222	223
223	224
224	225
225	67
225	68
225	69
225	70
225	71
225	72
224	226
226	73
223	227
227	228
228	74
227	229
229	75
227	230
230	76
223	231
231	232
232	77
232	78
232	79
232	80
232	81
232	82
232	83
232	84
232	85
223	233
233	234
234	86
233	235
235	87
235	88
235	89
235	90
235	91
233	236
236	92
236	93
236	94
233	237
237	95
237	96
233	238
238	97
233	239
239	98
233	240
240	99
240	100
240	101
240	102
240	103
233	241
241	104
233	242
242	105
233	243
243	106
243	107
243	108
243	109
243	110
243	111
243	112
233	244
244	113
223	245
245	246
246	114
246	115
223	247
247	248
248	116
223	249
249	250
250	117
249	251
251	118
249	252
252	119
249	253
253	120
249	254
254	121
249	255
255	122
255	123
249	256
256	124
256	125
256	126
256	127
256	128
249	257
257	129
212	258
258	259
259	260
260	261
261	130
261	131
260	262
262	132
260	263
263	133
260	264
264	134
212	265
265	266
266	267
267	268
268	135
268	136
268	137
268	138
212	269
269	270
270	271
271	272
272	139
272	140
269	273
273	274
274	275
275	141
275	142
269	276
276	277
277	278
278	143
278	144
277	279
279	145
279	146
279	147
279	148
279	149
172	280
280	281
281	282
282	283
283	284
284	150
282	285
285	286
286	151
285	287
287	152
280	288
288	289
289	290
290	291
291	153
290	292
292	154
280	293
293	294
294	295
295	296
296	155
295	297
297	156
295	298
298	157
298	158
298	159
293	299
299	300
300	301
301	160
301	161
280	302
302	303
303	304
304	305
305	162
172	306
306	307
307	308
308	309
309	310
310	163
