shannon	simpson
3.2670705995927	0.929701934328393
2.85437836831031	0.883633241203679
3.19347813379186	0.936303469393695
3.25045965372922	0.924639013440025
2.39329067551793	0.795867898409189
3.28637582492522	0.935965776447507
2.52096590414356	0.857689869350408
2.95182088252626	0.847961883543504
2.46316740215901	0.748584583714463
3.13710912016478	0.910367362959496
2.74866137711079	0.892008498208281
3.21678444239146	0.91860533152814
3.38740418080837	0.947647278076642
3.03315665556796	0.909388458271403
3.04996691420356	0.93174986910126
3.3772801840705	0.946440912933993
3.03409484552613	0.92248048354712
3.21796439624354	0.9321386858663
3.23011271107837	0.917774198995911
3.2354610524983	0.938542544713574
3.3015439919736	0.934420274427425
3.15718113878554	0.931825912648788
3.72028863890392	0.958396889314173
2.37978439663147	0.775944076603704
3.34588243934883	0.935809786173594
3.22577609650505	0.929538373755965
2.89560251362395	0.892030726362989
3.32989850396334	0.939109982397616
2.71591754544581	0.884889761282382
2.89984526701484	0.863477039788098
2.95109636344816	0.900204635969868
2.79562443053167	0.898168944602852
2.63433912792379	0.85686408260397
3.09824586020469	0.914041524609013
3.13976882572326	0.92775359827767
2.96938668268851	0.870856149184785
3.21393756528757	0.919097944357166
2.93856229869252	0.90703880878626
2.99005547151345	0.909288171640016
3.31741021204668	0.941556873548116
2.78541363487708	0.85922807118802
3.4097387597734	0.940075608541786
3.53962226596504	0.95484724922328
2.87196313547661	0.889975999883691
3.55403636552173	0.955363782652781
3.08118847247391	0.911637893312972
2.75254364298314	0.858896722061945
2.77471871797258	0.893294509457107
3.21178872497399	0.928183418419607
2.75902840311706	0.855636299725826
3.23487815716977	0.904960641365022
2.9774583164766	0.907420843291841
2.92167680223171	0.890399844798547
3.20368655596322	0.928051762210543
3.13276253932496	0.912885208719923
3.03857871941449	0.919429337412354
2.62683585887695	0.844906375417145
3.25364682804928	0.93693089889666
3.28239453663355	0.93564655414368
3.3051030610434	0.936451118753604
3.04914653679436	0.907811478333375
2.9028724126259	0.910977933413775
2.73334893401638	0.872491730889527
2.55924460003523	0.85054446686988
3.2586019047986	0.940940307826352
3.10997923419735	0.884375992568122
3.38499735589291	0.945525030935137
3.17740841532393	0.926502470153839
3.58269276519649	0.95404524323794
3.40770358931319	0.942560046524541
2.80549150514784	0.87881368807291
3.2138984368701	0.933683374201111
2.93684392475258	0.893037064556318
2.95391559074484	0.89291104843394
1.65084496210241	0.512928397477306
2.57975121777637	0.875386125461696
3.59497719103759	0.959428759908998
2.60254370025333	0.832449139127479
3.17994959552447	0.929608216894625
3.58249050268276	0.949314512911293
2.92874028102124	0.898303439903064
2.86021969875958	0.895645296739554
3.25286750648478	0.925147565938904
3.36058319752773	0.939655644474805
2.96339097139257	0.921104385237057
2.85579114625252	0.884761164879678
3.23954505331408	0.924476904437485
2.92997506777625	0.90748136783138
3.01961933679173	0.917272388659013
1.29284929173684	0.484318495819051
3.02553499155254	0.916792015126189
2.82681431953364	0.824834235229445
3.1425082120102	0.921040011428809
1.89621724402683	0.575148754455267
2.97807912064645	0.904959131008885
3.3690249061412	0.946224612705673
2.76016519540225	0.890457633636378
2.86836315959539	0.91207535363668
2.3755461021036	0.768590565827656
2.84243212259297	0.890359927938576
3.36097660334112	0.942875552092289
2.81505361135025	0.87713990183068
3.18735625772568	0.923625191303587
3.03772204887267	0.912772273006088
2.98565750103147	0.908134592284823
2.90422029585561	0.883630042938866
3.13911485504226	0.921188085763498
2.92926354813888	0.908923384897258
2.6611399749722	0.883330508430168
3.3308970351819	0.94254632610696
2.41180053296712	0.822145588574959
3.19157743949423	0.917821762549288
1.87809503570373	0.621258245292172
2.89391671002389	0.905326039261947
3.55022484372676	0.957551980818045
2.67098040248106	0.861508719539378
3.31738219155941	0.931579085226547
3.14591546600127	0.919994061706968
3.08272403704237	0.908615096454511
3.24453374829059	0.919031115266108
3.64807541057982	0.963691531215831
3.50015352618839	0.955385114667255
3.21114306738819	0.93119915666911
3.42740628374433	0.948757057246699
2.29908549074092	0.694988855873791
3.27331449746146	0.936560598751169
3.19773385693768	0.923242196434679
2.92372423705167	0.908993812344869
3.25437830576334	0.933199117934082
3.41065721066149	0.943117137490263
3.13674792747787	0.925118568029744
3.0211655992187	0.907857746157757
3.52992588547621	0.945797124989972
2.85055228597357	0.897849992250451
3.56405317585504	0.953617380062706
2.45590502931431	0.826047739560754
2.45030068156125	0.83688262432073
2.89590279196506	0.90654387028146
3.42485539524501	0.94878224720558
3.10124092211785	0.911959310601901
3.22311368253983	0.93942218150935
3.3959496579237	0.942376651515911
3.02630217374947	0.894936817481294
2.99926511348398	0.901352360145603
3.19600887501966	0.923751471218367
3.3704243511544	0.9462519274554
3.35639112423562	0.942823302906724
2.92854978878832	0.928583436308698
2.82465918002884	0.875299200977018
2.20313635362591	0.739595818877426
2.70845617508335	0.863977264516025
2.18369207805296	0.812945721115566
3.35964071979427	0.942419539354354
3.08631546752871	0.922567154895282
2.93013353899737	0.88512921647827
3.07319865570841	0.912320829892034
3.32293632657089	0.935098679931206
3.15634472120241	0.92944341870042
3.58738064125559	0.945526476835926
3.5553893008652	0.957705774434825
2.89155903423406	0.902087188461382
2.90230622265827	0.910138394441232
2.28731214459572	0.838897084506863
2.81552267878874	0.899925323638007
3.58921054209374	0.951116958353782
3.39020864215425	0.94848682892365
3.17206802120723	0.927022624594513
3.35247315148142	0.940585472117697
3.25596431263565	0.922305508980433
2.73022059755533	0.901277954007302
2.35958575659155	0.763824008031386
3.46210504565311	0.951659696648703
1.94945382902244	0.681734878281278
2.95556150119294	0.899341078457226
3.19337448701351	0.936945881519845
3.1923040931141	0.931901341329779
3.10129478713129	0.917059374987373
2.7928625882689	0.86802513434491
3.25317884038185	0.93769754376896
3.32307908893877	0.940478872517953
3.66582251427652	0.957716076222446
3.57598391266192	0.955703377322444
3.16411210671964	0.909918797206811
3.33683167738337	0.933143944730582
3.13047037062473	0.903755770960388
3.13263696351739	0.92040250722994
1.67098898747597	0.588209716450131
3.35156269265994	0.94058565956968
2.45976537641476	0.818135360048962
2.81215580574789	0.899203214683188
3.06886547291623	0.90993099663209
2.36862806681243	0.723256446364453
3.22300632309911	0.929358381290067
2.48204200892425	0.772755161039428
3.30107271771642	0.937783998498817
3.12196781915472	0.905639368002396
3.02323496463871	0.900814276827154
3.27543055405793	0.928710802276351
3.34610937344463	0.935465628147699
3.3692462146463	0.941244868619465
3.31132688115298	0.938317411020102
3.42344890714987	0.949177313474017
3.2951287512352	0.946198567928637
3.00424716759414	0.892501984556758
3.26263170638901	0.930429166607196
3.47857974302755	0.948601079260035
2.07773142566065	0.688428517049905
3.39921447103806	0.949700139655536
3.17983437845042	0.929359390741768
3.03363420806107	0.8649548371541
3.13476988001689	0.925161129048789
3.47009616497668	0.954303381985089
3.15555668968602	0.908576072008099
3.00695222964365	0.911743812096108
2.05654697752278	0.653368386354456
3.40334424273539	0.944653705229029
3.42806787550429	0.94312465246466
3.38933477083466	0.94808542816142
3.40976637691762	0.93676326488698
2.76778029311344	0.884764775597135
2.63139281456284	0.880338184151922
3.37920926751002	0.945893386629384
2.07973166373177	0.6003178427415
2.80672651491648	0.881202520395822
3.57327094842226	0.948962622553445
2.61717727333735	0.847363714211514
2.50745488900359	0.844309198457952
3.27638950700497	0.930546422851256
1.08297358550069	0.34473404744042
3.10527743886245	0.928998465083124
3.50129110016302	0.956759789589791
2.60637009885036	0.865001183583269
2.91341832197591	0.904984676422079
3.43792488467752	0.941073855112622
2.99954775030972	0.92278135644452
2.34229308936816	0.786762315859693
3.18590446495102	0.926109296884633
2.73484712218913	0.885604725794732
2.69536636006917	0.87782119511028
3.13513864513232	0.927263504584025
3.21293671927879	0.93171002791906
3.20306901329901	0.931897107304449
2.79211667962495	0.89083762025972
3.30275579593336	0.944899748569902
3.39647044691685	0.941940092942405
2.57544315453166	0.850438601451127
3.454026676886	0.9492102096873
3.25930288974329	0.928195764190828
2.80793306061297	0.890445961181115
3.49298253181133	0.949096765051216
2.98093547641211	0.927736780661207
3.15792327151382	0.911906949355484
3.37645260780849	0.94826290075793
3.14099641235256	0.927847360969435
3.19919619401191	0.929431328083668
2.97182648621823	0.854955256510063
3.20920488166071	0.936361474183489
2.39822195840662	0.813000367310008
3.32131314548338	0.938945654840888
3.10494920423046	0.926820030126777
3.52228308783891	0.95127023850086
3.25932274986606	0.92237778213975
3.36297281638181	0.944679846171987
2.40304210073684	0.864894169748762
1.85767307368195	0.604828651789599
3.54638312590522	0.953724485374603
3.2562860997019	0.940661126650256
2.38863609588812	0.767729757032626
2.39764927716643	0.808936050778017
3.22441744827975	0.936339953629881
3.07411368274059	0.924216485357344
2.87433187530986	0.865670913653005
3.05271528851963	0.899462145375372
2.68020679749002	0.848197980305854
3.4553100619327	0.937100641691126
2.96064465772374	0.918185249197744
2.79679283236431	0.873811316395067
2.99015053047071	0.85083213384601
3.25534870486808	0.929448327852696
2.95033167805951	0.877065677716256
2.95243609645432	0.913547766273758
3.35548740952686	0.942713771908307
3.3645966947766	0.943065179665786
2.5766960707759	0.870001515612354
3.22042964387631	0.933779452237529
2.6841725517444	0.839098819283676
2.71162118039308	0.877743859948023
2.57315132225709	0.869490923439976
2.7378445418544	0.848967804206492
3.16784774077674	0.936832868413875
3.1537539016276	0.937517781937375
3.43394661119308	0.941128807961709
3.29517228486749	0.931447557928845
2.95570957308223	0.874467866302167
2.51718275121107	0.80509208149594
3.11975634411165	0.926385545168505
2.7568621545163	0.84699076822927
3.32757770652083	0.926817287180316
3.17856559177386	0.929884974872296
3.27468883184881	0.933236299497483
3.24467912720297	0.925504250367543
3.1380648533682	0.932653791132684
3.21973864868289	0.931238968092124
3.04736226497562	0.90725744824856
3.44212485550323	0.941124827882575
3.43271351860498	0.946333661161507
2.53549145216064	0.847103319029767
2.62438249688191	0.807523806991085
2.82136263085419	0.895917367025143
3.40884032526542	0.948391063728939
3.48789324349963	0.947912525265829
3.15385501443107	0.93085056280907
3.40275114924299	0.941756697937579
3.31375487394307	0.93401621401832
2.67706815541302	0.897630895541993
1.73248466210394	0.58651980344444
3.43507383168535	0.928222088571552
3.22315557047179	0.93876108182623
2.83859847660081	0.877270786311213
3.65575952495433	0.952254171402911
2.75875024702654	0.901063837451776
2.92991697525853	0.916729620587746
2.69853347170433	0.857796570990066
2.68933069699795	0.809609228361619
3.60298356282998	0.95795766451678
2.75342178984792	0.833159151098688
2.40613225071649	0.742131624887769
3.08766997649794	0.920789916004214
2.86211358902839	0.916602184482474
2.44902496179484	0.878848020925593
2.98226863898506	0.913063817050808
2.9972303264082	0.918326354704165
1.67561239419491	0.50448268471416
2.95977621497791	0.891122612286457
2.62629937908612	0.859188280947191
2.99032945120762	0.91897373193463
3.38401791541808	0.934356394470312
3.27112031218734	0.925119696157792
3.53268203919843	0.951548000097503
3.22352359497469	0.924010309875243
2.4068378640499	0.78905474529113
2.83769196339545	0.878508526074827
3.39637603613169	0.943099345784965
2.55896495517729	0.87295351011488
3.40373449830225	0.954487905385811
3.18475207751901	0.935358218064174
3.22751623080275	0.930365870149185
2.78373575571403	0.883529685940274
3.17463658227623	0.940329582698794
3.30778101116011	0.94738707642256
2.97085530474626	0.904840389179751
3.12405166159215	0.922339321483331
2.97791788119168	0.911441197061445
3.30922812392549	0.929774394310605
3.40883366198889	0.944876412151687
2.71342196500326	0.850844687710034
3.05332489703742	0.91001578295837
3.12042346071596	0.922739874830013
3.4207260803642	0.941230995915391
3.2271284739377	0.93401378162041
2.69513438279761	0.863411668392293
3.03073516289735	0.900673956352873
3.43212232024872	0.948732245659325
2.48763821483451	0.860117300092659
3.3993917769993	0.931817666038016
3.13851935331303	0.93368525596556
2.59232607302918	0.832028361083884
3.0131886533114	0.91873361765524
2.64661509024916	0.846222554869257
2.90791011248475	0.91471079561562
2.75225168218344	0.88037404300156
2.41185670590937	0.8517118488347
2.40729101636167	0.796401161516763
2.57839939274981	0.80811487352007
3.72765641849423	0.963030988296199
2.92875380984909	0.90291918928232
2.966540176181	0.901709357102273
3.49132544352095	0.954775144073422
3.45001333462409	0.942486802741363
2.57405393137619	0.847858739239584
2.93190782796483	0.925352082232086
2.78799652737257	0.889436669478477
3.2191724262752	0.926539377546686
3.23429349271286	0.934726802598471
2.80754069111705	0.875462581227537
1.35648076807059	0.443063151782465
2.87592007447316	0.89210658895398
2.77352559846404	0.89332903513284
3.22460407859192	0.934759880242784
3.27818469018231	0.930566842321222
3.24127651175634	0.919198375383386
2.63595798728527	0.855885235519852
2.98244259466515	0.917904590923609
2.93030935445481	0.890762512015787
3.21522323306196	0.931131083423274
3.00611653386398	0.896802648095183
2.76551017183243	0.86946906443266
2.57462856613921	0.861258787228669
3.11497750049268	0.925149322367255
3.18372075894174	0.897439518656213
2.7144044469251	0.849703919139601
2.54230519368474	0.852885397425015
2.83394707650504	0.909461325960986
3.02055888299961	0.907218280193113
3.02303035683934	0.897291088064406
3.05519487352116	0.914385895847462
3.37161070379775	0.943821268417394
3.09641259692391	0.919938008440229
2.78497628436396	0.877546840706067
2.94706744634243	0.883704586962228
3.34532992091095	0.929750096302992
3.19606867150312	0.930387511096
3.02318380115113	0.916939882021784
3.37089747542405	0.94785708496298
2.97200103197402	0.904608180853678
3.20610976614216	0.91173606987225
3.06893852971474	0.927504341116259
2.14326048870086	0.713592619310059
3.17225823708211	0.923562504319577
3.33172392762505	0.93687740543148
2.8281364351102	0.90669033973132
3.51820748217713	0.958103298038281
2.49826846982182	0.854044628448018
3.31188556931026	0.939924013363158
1.82799478247596	0.57695768679008
2.76989484995488	0.884526071230063
3.19163944690324	0.934088576369933
3.0088182560847	0.902310358507851
1.31834929724154	0.443397346316672
3.45349374291802	0.944088709322686
2.96816481316725	0.891056390320169
3.03167123002175	0.93107950686796
2.98862471218168	0.919645212158798
3.20030714233085	0.929141374617056
3.21623162164306	0.934070475919341
2.9325855466796	0.912348641048322
2.98128704705304	0.895375513908674
3.57658508814755	0.955814038529356
3.18381127489187	0.915578027238685
3.14737174135485	0.923885101797311
3.09316179351174	0.916428513254802
2.66033766548305	0.849487176749535
2.87860679933459	0.896248153256203
2.92499396749864	0.850843312480971
3.20719359139636	0.93608859291504
3.01839830873632	0.92368639783066
2.39095702835296	0.842560570680435
3.40426161498879	0.947151951481903
3.33718108756832	0.948860957920985
2.78175202642407	0.902594820982699
3.13199158096427	0.934193181210828
3.39753874546064	0.94980401552898
3.14059184321643	0.924804673142816
2.97011211516741	0.91851534618588
3.38642109611072	0.94495939660411
2.7765953754638	0.83332514332242
3.15611879824305	0.927953098637991
3.17955142762975	0.937163482293
2.70954017071075	0.871621679016283
3.08501741494242	0.918717491260783
3.52473943959487	0.947081600386502
2.98594137268831	0.919343021093215
2.96422685526673	0.884663781823498
3.07855489181624	0.9105502763333
3.27594968021298	0.927402871206871
2.05578974061299	0.668139031691266
3.33731128612567	0.943439465345184
2.37970330854148	0.820877483886205
3.44972788730805	0.94663549899544
1.9624397727335	0.651852054543923
3.35171960298789	0.941240052251521
3.10970194212701	0.912967539111319
3.40510837098512	0.9438102996101
3.21056130626758	0.921477131134077
2.96146543038567	0.857267711781274
2.51932279200599	0.854432690932017
2.65042170931644	0.809890453378403
3.01024009326975	0.916979894674575
3.13257997473954	0.913389502856336
3.31838719849345	0.93656049946395
2.93907855766425	0.91128370715851
2.1308909904343	0.695863945351822
2.58785864798377	0.850407425847633
3.25992562261118	0.926702222350343
2.69025627770131	0.825029654897129
3.0666096730939	0.924071206484746
3.72207249796794	0.962360039083957
2.83591433819171	0.900161237323544
3.30099920256776	0.949808983978245
2.77922913457663	0.87415700843924
2.78760126360755	0.895894402628442
2.83307100123633	0.90352846071754
3.00738091370668	0.886169682850115
2.99092797880509	0.910449595415359
2.49000478663159	0.859585994822877
3.05794311721276	0.915820889583965
2.46827647498538	0.838072846552128
2.21278102924529	0.758262686818856
2.64307113908686	0.81678658506116
2.8011532491298	0.813307867011675
3.47502117533327	0.950628929373572
2.76702542125424	0.897682767656565
2.91773214027119	0.907715767293597
3.11883313780624	0.913309793458701
2.6779240662668	0.840494243575863
3.61690170261028	0.960302819239427
3.1346721088129	0.930528662793488
3.3775379691346	0.92947445585081
3.4360584883656	0.949541326118672
2.39930843698643	0.741232946061098
3.42023815649406	0.947395342577825
2.96845632579618	0.891657845363198
3.20865839052663	0.93218053282963
2.75641362307211	0.890098463574928
3.5743433482202	0.95730209887811
3.38492306697119	0.934086979402911
3.39103383332412	0.947556879504382
3.25424651413873	0.92528310470889
1.30796471711678	0.401608304078501
3.28341385246733	0.934657846151762
2.46512221229132	0.80658551843378
2.80369536852165	0.89870345447704
2.10811417202259	0.663411058533904
2.54975258280638	0.783805548051332
3.11787893737118	0.927246580922167
2.12570046617137	0.696613385656256
2.80281819087526	0.873965149707592
2.50623170522971	0.8003937926628
2.45636988510657	0.830743958709636
2.56262023448062	0.867845827555753
3.36638051295134	0.940283473419336
2.86840837186118	0.893409710964608
2.70105365450856	0.873209381647826
3.3935682810898	0.937400847877446
3.15209221568218	0.933297663947313
2.78061042707398	0.870598734992289
3.02654474418588	0.931556485968328
3.55594410216779	0.956647005394161
2.46510347041574	0.755678426434427
2.49843146178458	0.834310807847622
3.14682158434749	0.912113519292736
2.92919033791044	0.893388325178542
2.45017428338283	0.805023302289939
1.29593938455365	0.463130288005449
3.18081417911098	0.921248823848332
3.02333232717695	0.880996483138151
3.52700610140132	0.951861497088996
2.74347176458689	0.877544818050115
2.99437435357727	0.904392665894648
2.06416659466991	0.779190157074629
2.68120441415895	0.824804902369332
3.04201295856608	0.928402410599607
3.28229156411776	0.93366067608796
2.60317082156623	0.853371902361567
3.39838160798514	0.948978894955732
3.19196183707113	0.92638454823394
2.97215428594961	0.908992216674468
3.32759936802471	0.931472336688398
2.61858682738528	0.855679855609769
3.15565010988455	0.926416138503843
3.10480500801662	0.910333739682259
3.40305109486879	0.937806747527553
2.90821132395908	0.914826516066248
3.34502992555578	0.927463886009963
3.22450797441555	0.92855386649331
2.91114979934865	0.8842630138476
3.01686000521045	0.909684409505866
2.79943791103736	0.868931688942232
2.6900761989852	0.850235400415146
2.62570021332223	0.8730023159229
2.23498752844152	0.691731183903039
3.01783438775121	0.912866601705933
3.35476991313216	0.93370083946522
1.4801953137784	0.546524688264476
0.870855145474488	0.32532247096198
2.93675690295211	0.899373470932454
1.33325695004441	0.442398059525671
2.32443657574903	0.809922636643608
3.08853003553452	0.906375870041376
2.76022278812538	0.885096767556972
3.31692372240093	0.9299397938418
1.9177910781828	0.613009656274335
3.10771322350727	0.92559027285659
1.58361427403652	0.520785291103136
3.36604144129679	0.931472710389374
2.70256595383889	0.854942445656349
2.39350527963049	0.816921402307101
3.22419911302371	0.909752770249536
3.02806860437759	0.922106469732405
3.57931386004231	0.9584171621365
2.79953494635513	0.886178067541352
3.33424308301788	0.936729890216327
3.54783898314223	0.94744802066814
2.11482910498685	0.72034181451542
3.06960510020011	0.910613088712586
3.11968021355088	0.916035085231408
2.92224085963895	0.905389622684127
3.13915263837917	0.931081619215295
3.22469777108105	0.926210810843643
3.05673715716021	0.914408875156314
2.75392831232721	0.844131861037094
2.35126870213242	0.756057125985226
3.25994236061205	0.926387503509319
3.01338415805651	0.905078659857014
2.96800764810685	0.906591906052346
2.19498121490602	0.728886738488532
3.25183793742364	0.934146666958529
3.03905796771446	0.926978300817443
3.47769549953356	0.944864820800772
2.86996608296468	0.884210387164814
3.46197377900754	0.94933517489918
3.29234116068034	0.936786845019746
2.71504839700426	0.854667050961972
2.47600490859324	0.854533738575853
3.00839208380355	0.903070407893153
3.24834232990624	0.94298017609298
3.2567240325589	0.926849807787512
3.13987520719342	0.91945688708729
2.82259248267588	0.885271794427544
3.12108984084666	0.924228645858204
2.22786566325323	0.804680106325086
1.96837826795924	0.661941040190925
3.42374097205524	0.9508739614857
3.54603123464061	0.952731508286449
2.357918410409	0.827854241102103
3.06016647277928	0.8838493162126
2.92272899699643	0.89028242775964
3.03994584162874	0.917481876277733
2.42636859513595	0.812246914418583
3.32741673647554	0.946639002666831
3.29715653655853	0.943769674075316
3.07840653423027	0.924639600900583
3.14745062716631	0.92756989072744
3.34828387860187	0.939851043149879
3.03653003725091	0.893592288184327
3.36169062910313	0.94821710448145
2.16989417061916	0.764026775833395
3.15266085778177	0.898884986164825
2.34072793371643	0.804178286628683
2.8794987713598	0.901246961851356
3.30277317930764	0.938432587332437
3.51396662556955	0.943652152007596
3.40114553757233	0.942068040192379
2.75481958690769	0.904245379843859
2.19921171103102	0.74130017019698
3.45882790537086	0.954572567097661
3.36219560932315	0.947815105691969
3.40128599904278	0.944305829063076
1.79660594757981	0.58146741948053
3.28365028715791	0.93030250221797
3.34117199625593	0.947261361379578
3.02452215982488	0.92406297864429
3.25908492636683	0.937088266765924
3.01705927590863	0.886740670025607
3.29742944869222	0.936868721608966
2.81903245386145	0.88340410497758
3.27406922606941	0.93747927281936
3.41113969980928	0.938576955703641
2.93430828770839	0.898911800969711
3.20089139104042	0.929619116149544
3.17179272944827	0.931516294028236
2.92181918431164	0.9169722601327
1.20151004804396	0.419005677321932
3.38847124040331	0.938134209225355
3.24536504840826	0.924507242713146
2.88854279566969	0.890803397529392
2.97184641381553	0.88397842763218
3.09873985401721	0.931950717973107
3.26111223802569	0.942102290514509
2.63958751632888	0.84075583447112
3.64669103357789	0.959798774812432
3.05237541074631	0.925179345677245
3.636748538539	0.95418994882474
3.36843896241608	0.951721541580502
3.02324211139949	0.908668212569346
3.15158124890969	0.92079604426514
2.87324353060406	0.89661120989082
2.7755369234605	0.882697677376491
3.28310267828784	0.942792357009165
3.36178753343968	0.935205687765783
1.56605762378574	0.57505258814378
2.31963790209917	0.822012359204382
3.51302767875991	0.954906852025786
2.57437096981495	0.848327172653388
2.54081791962866	0.860620855696349
2.07751067427093	0.719440031562868
3.41190256730068	0.931036749333924
3.34216641584747	0.93812383903104
3.18721802210223	0.913881731463832
2.82183211562772	0.869929810646912
3.05486449519259	0.877109476608461
3.34289968749824	0.946955462283747
3.2533811276784	0.92982544336486
3.05357983808227	0.90186598652338
2.87889217867701	0.875650081060051
3.38549397302771	0.937870427290393
3.08358237760437	0.92182589688218
3.09161328524874	0.909372916340014
2.43102175651807	0.817407996018189
3.31511342207396	0.937178153544488
3.03054281448037	0.911257898512934
3.35150538584586	0.935549723450752
2.30477547078182	0.771163519917293
3.59860790562363	0.955416316411775
3.22889387894297	0.928007591602
2.89805734371778	0.893503845312226
3.4964085973177	0.948724713728999
3.25797291902832	0.93103485664137
3.19571745633371	0.910495863088897
3.12665075289443	0.940535745865081
3.63990178833757	0.956495236747623
3.3888667104129	0.926992876324573
3.34093140130965	0.94666992052661
2.8674762124445	0.904780124517474
2.99375049900107	0.930831776788215
2.62568218896862	0.808914142298573
3.24710953402415	0.92713318936168
2.97244410527187	0.909869972782585
2.88199765096447	0.884467277483167
2.9320886218594	0.91183920183622
3.38177539312195	0.937619120964548
3.05962479679044	0.911156694629698
3.17596640873536	0.916852567465777
3.16411479338769	0.926879397772215
3.1270628988789	0.921839969781611
3.02004123783498	0.924082231120937
3.02503757265866	0.915203237839604
3.06818591748245	0.91829483395477
1.88448665117526	0.589076698186994
3.45070869900604	0.943603561590598
3.1207139724805	0.9296571647718
3.26125420665498	0.933445847501644
3.47191614926033	0.94810203091051
2.97271521571376	0.920616413531548
3.21463182521531	0.92752750426347
3.12291716424517	0.928801878365855
2.91466317423778	0.843104419646634
2.62947781322908	0.811436072939147
2.89296056000638	0.880854422286796
3.15398699411412	0.922453188847108
3.0764312206965	0.885177125630134
1.65592161130951	0.578760312026081
3.87472437610073	0.969710716387483
3.05105920194608	0.9026586724398
3.5178481026362	0.948036695713652
3.20861266103407	0.917855362770758
3.18570205629366	0.930447087415088
2.70841757025685	0.822851038664532
3.06258291676466	0.9019186396658
2.09173270721437	0.642593577191855
3.20098961214435	0.918316701939246
3.01468582690729	0.9241277246524
3.49615154456742	0.942102973447031
2.85923177725831	0.870540189013955
3.0280019625377	0.924154154195625
3.14666150449277	0.914027188318923
2.71040481169246	0.835151621613235
3.08418959029042	0.915718476938528
2.64028411323831	0.856976948942305
2.93253814753628	0.869659038757259
1.47398485288763	0.540219387506384
3.39464426166485	0.950004752571595
3.30218785893107	0.926131748217342
3.09470150593546	0.921152625122586
2.06880357023831	0.619425701100914
3.37924568730983	0.943955820069655
3.39784633123518	0.94927914180116
3.1585001116321	0.929835855953965
3.09367300043023	0.924151215073148
2.96614079226971	0.914946192753342
3.22226200961028	0.929896792613255
3.14929458431992	0.938663690153989
2.15074535743113	0.75295735631262
2.65579508543782	0.81368320944519
2.91755112338701	0.898153179295
3.65677649225226	0.958726880727611
2.68143387352313	0.84095577663275
3.01788350973547	0.919519854227102
3.32867088356459	0.936922233176889
3.14216781885516	0.920455923786496
3.53023592719463	0.953581457820319
2.54786738037414	0.859836887596589
3.28430273354923	0.931636407390569
2.80955084794213	0.883008822936947
