PCoA1	PCoA2	id
-0.035237062220261	0.0151082755797098	1
-0.126586315696538	0.0610729446085351	2
-0.047646683017182	0.0463694370826649	3
-0.036965786775846	0.0233727769316104	4
-0.0355107897782862	-0.0745620528366632	5
0.0789969296601595	-0.000129250072179406	6
-0.0389863932678517	-0.042127549223482	7
-0.0413735007969331	0.0225387099180351	8
-0.0711006871140054	-0.0180300221564924	9
0.080382958927861	0.0826504661807177	10
0.0116026822332831	0.0216446438023037	11
0.0186087833820123	0.0329880765562031	12
0.0575463829407701	0.0751040871896965	13
-0.013778601630173	-0.024912497809289	14
-0.0403857445371855	0.0842829299029373	15
-0.0302732670087376	0.0481305052897465	16
0.108946444118661	0.0225494899396398	17
-0.0129829650317463	0.0634342692060608	18
-0.0595973519723738	0.0427848954263328	19
-0.034461541597842	-0.0573552528703665	20
-0.0745713970828807	0.0455446604302587	21
-0.0543186990861764	0.0121025329320129	22
0.072728964142938	0.0754605287691494	23
-0.0799009113239122	0.0895742336461455	24
0.0804101413748788	0.0323090488534519	25
-0.0491544039564243	0.0381005652123082	26
-0.0210598440648615	-0.0353724060054894	27
-0.0146544987539147	0.0834797667358775	28
-0.00444039819522147	-0.0808898951267554	29
-0.0438932094572748	-0.0019447629497623	30
-0.0371170284375983	0.005567031957956	31
0.017597769926687	0.00078565552105232	32
0.036228233466403	-0.0991243731311198	33
-0.0850437012285554	0.0524789533835996	34
-0.0498297510000472	0.0234295768199486	35
-0.0601330624096637	0.00743033465330316	36
-0.0820559670534228	0.055516449873817	37
0.052017565730379	-0.140709408903908	38
0.0245484337145982	-0.123263901724383	39
-0.0129826782961379	-0.0466193394989482	40
0.0317218155904172	0.0258086265628196	41
0.00528926180763931	0.021076520708621	42
0.123159527380601	0.0620110971662568	43
-0.0562445791525598	1.83928670019695e-05	44
0.000356378714165875	0.0551226273472678	45
-0.0406692245221651	0.0412688146066504	46
-0.0101492758873712	-0.0411536661644664	47
-0.114278255281127	0.0609874761550867	48
-0.131942760784203	-0.0977758201402523	49
0.0720725016372755	-0.0363534957335338	50
-0.0400463415917131	-0.0260328830377427	51
-0.0564055662803856	0.0811578434607154	52
-0.0731528448068235	0.0531775431735292	53
0.0459746775325982	0.0247920589982586	54
-0.0929752188809569	0.0255394937430135	55
0.0545124936847623	0.0883371791756683	56
-0.0983731199102013	0.0587250016509368	57
-0.00323406029641589	0.0263112871804757	58
-0.00165386487016036	0.00177163856496921	59
0.163271554461344	-0.0111392898798998	60
-0.083889178572548	0.0621557564017296	61
0.0644937509370703	-0.0234606204545694	62
0.120585989526947	-0.0527736338546354	63
0.0213039741230746	-0.121019769256909	64
0.0638138630935587	-0.025877152688726	65
0.0354329699234268	0.0172869626386309	66
-0.0765215536515854	0.0611194449356513	67
-0.0821033382383404	0.0402724527492246	68
0.0073962758374402	-0.0111653857696987	69
0.00786883569302406	0.0128247709817864	70
0.0262635508682624	-0.0606377413537903	71
0.0469267115483098	0.0119136396496258	72
0.0173316775980198	0.00062698807400325	73
0.0201911306855546	0.0252839218527821	74
-0.0216045712156556	-0.088369450269842	75
0.0304445358420013	0.111588385581555	76
0.0584635277960212	0.0428252869277223	77
-0.0661860260314469	-0.0474074878781715	78
0.0283452811108229	0.0752355464389941	79
-0.0491538282921231	0.0731565066611166	80
0.0743947386888318	-0.121378462883746	81
-0.0717650855709656	0.0507810213429105	82
-0.0799748606331345	0.044999453517578	83
-0.0095620479344782	0.0593344461218969	84
-0.0183696329416822	0.0569795750387624	85
0.0331317468294867	-0.078619284167979	86
-0.0484884831737512	0.0504478303972451	87
-0.0464374082789687	0.0914603614590557	88
-0.0767402279502903	-0.0874509218383009	89
-0.12618984582146	-0.185279505695837	90
-0.0777959615938935	-0.0834233825656019	91
-0.0177234543894059	-0.0135570777721569	92
0.00989687464362679	-0.0351154305078126	93
-0.075365714992142	-0.113771120627954	94
-0.0246471656186935	-0.0429537157320987	95
-0.0152834388220218	-0.103388482649723	96
0.101228299328601	-0.084664735699765	97
0.048871686340241	0.0375802460105674	98
-0.0489427876752412	-0.0752081270637729	99
0.14029598221645	-0.0330403838914055	100
0.0588216804550367	-0.0688418140132325	101
-0.0581313543432905	0.02889199825966	102
0.0268459780743982	-0.0145448309281433	103
-0.0196051611204848	-0.117365949762062	104
0.0843085143919947	0.0311127123990191	105
0.0692402935071999	0.0132049725169291	106
0.083115534896259	-0.0286808547380192	107
0.0769496794051615	-0.100021265475395	108
0.127025366534763	-0.00354176534237816	109
-0.0483663318122861	0.0721393022579472	110
0.236348914344492	0.0983638644936328	111
-0.0636541097047206	0.0525536197579629	112
-0.0325434426962614	-0.0708831428868999	113
-0.040361615263037	-0.060613121658705	114
0.0121658787064129	-0.0137531071364502	115
0.0959111908133898	-0.074310375879221	116
-0.0589155364557013	0.0352860754697205	117
-0.0527444584178007	0.0347449917366943	118
-0.0127573123076065	-0.0638009015046648	119
0.155541049781603	-0.0222571308688791	120
-0.0439959455206468	0.0304144830727187	121
-0.0256960135385032	0.055484549053108	122
0.134019429141768	-0.0041755164305011	123
-0.0670047560944658	0.0627039421148257	124
-6.91482281705954e-05	-0.0142183477875296	125
-0.0731897994283689	0.0217917102976593	126
0.00554324117490569	-0.00782813553099686	127
0.0193737768706008	-0.0491748397653412	128
-0.0280643187997124	-0.0423841391686305	129
0.0430194709253417	0.0907023949081214	130
-0.036191209613835	0.0509461584602918	131
0.0214225976010459	-0.101550358325246	132
-0.011957520644145	-0.0317978069801088	133
0.114403514469406	0.00371657020203957	134
0.112620529591717	0.0814291171939233	135
0.0816005824466232	-0.0486841997673763	136
0.025234379493453	-0.0470943747908825	137
-0.0492628509016625	0.0259970881558169	138
-0.0543783505523847	-0.00254436504656158	139
-0.0868570655010807	0.0155784096780521	140
-0.0506302875387372	0.0325417526043074	141
0.0769825350461818	-0.0851477874895225	142
0.103504504751933	0.0326980622950546	143
-0.0233301336759705	0.0932806489136697	144
0.0337574041539306	0.00579455763029395	145
-0.0133950619808809	0.0854638489615724	146
-0.0646012900951905	0.0305562262722716	147
0.0255070053574868	0.0429293818875635	148
0.109345942211759	-0.0380077091638503	149
0.0835826246344222	-0.0783973445431548	150
0.181304731478589	0.0400448567220676	151
0.0401073611255375	-0.096074689933247	152
0.137785267100784	0.084286059014	153
0.0250968710641031	-0.0147866550824364	154
0.16668171421937	0.0234156305182839	155
0.0359886782824819	-0.0474454974727829	156
0.0140832829155783	0.0351758715602732	157
0.0499476985502683	-0.00904470184449028	158
-0.0634802279992267	0.0187737699329644	159
-0.0231181236239637	0.0584369324110489	160
0.0962370272810746	-0.061109851787187	161
-0.0313703770840589	0.0939838210951089	162
0.105381855797786	-0.037372685102913	163
-0.0120424958806034	0.100283972951272	164
0.0263713147715823	0.00702838382754583	165
0.0139249196773992	0.091661768454717	166
0.0346634947722384	-0.00817832717515535	167
-0.0561313089326531	0.0273549999997998	168
0.110043817958411	0.00360378062622662	169
0.189690900443091	0.061654170083597	170
0.159455734205959	0.0353063783128021	171
-0.00713460732900556	-0.0142098412098159	172
-0.069010665147124	-0.111086745518611	173
-0.0880784473255067	0.0764453513161053	174
0.095358019376896	0.120719068807945	175
0.0177853512026184	-0.0169068277328469	176
-0.0435441793229442	-0.0138169564953675	177
0.0720713196108638	-0.00409163610991412	178
0.0575831896873821	0.101348380231269	179
-0.0372988725812222	0.0770421798266647	180
0.0719737121660832	0.0544306918952781	181
0.0670980953005967	0.0887875620623915	182
0.0881018545996316	0.100655860026575	183
0.225727918921297	0.100491185990285	184
0.00163157293239686	-0.0599796258884714	185
0.0212860846092375	0.0617346937028042	186
-0.0460813390235377	-0.0426158804843715	187
-0.0990085373581538	0.0411808397671073	188
0.00409844248122002	-0.0450594897478744	189
-0.106782291996447	0.0648432170248154	190
0.0486772017472129	-0.0034437180504283	191
-0.0984517994623403	-0.0500621493904193	192
0.0702932102845236	0.0775415201059309	193
0.0354819590632994	-0.0894469788782029	194
0.0303940126625308	-0.00698568231966061	195
0.231066658774035	0.0906150848260643	196
0.0974584188827974	-0.0155642844229017	197
0.111400466299649	-0.0098919485023694	198
-0.036714394429773	0.0380938800348962	199
0.111328181862369	0.0151639095610379	200
0.0528970231440112	0.0799186486252357	201
-0.0335490015447334	-0.0094882686311495	202
1.34066655755519e-06	0.0328546685392129	203
0.0775263712282135	0.0294462715129138	204
0.0189875475967481	0.0758727767668965	205
-0.0277961003399714	0.0186283098071282	206
-0.0545820108657827	-0.013430131854191	207
-0.0219476566207389	-0.00956946407946878	208
0.11416802461481	-0.0253299500189217	209
-0.00308160582907626	0.026575125801979	210
-0.0323742734266012	0.00604923116308331	211
-0.0274336364607384	0.0383566040553276	212
-0.0164876507646484	0.0138703087252049	213
-0.0726800471393367	-0.0476690125430397	214
0.0135711879837389	-0.00777728311616387	215
-0.0143352958573825	0.0423035639529449	216
-0.0157891683915394	-0.00218348467501826	217
0.00597382561294815	-0.0170105431793385	218
-0.0580238771625551	-0.00206132328486584	219
-0.0163021465756297	0.00939166999354393	220
-0.177652642457611	0.0477578403842952	221
0.00360541818773122	-0.0422141027096555	222
-0.0392535830325227	-0.0257319499041136	223
-0.0609594134449983	0.0511929605655123	224
-0.0232265917373216	-0.0214521971682449	225
0.033502350564941	-0.045308741572395	226
0.0868851786315165	-0.0648486939123277	227
0.006752619907746	0.0859288921317679	228
-0.094110058829223	-0.0957297877958607	229
0.040318199825286	0.0379736608547788	230
-0.047748100779436	0.0954230111353702	231
0.0878119843118964	-0.0818781607402511	232
-0.0289079958611951	0.0390990214340562	233
-0.0225745100384518	-0.00442832536837044	234
0.0802631535445325	0.00385232548411999	235
0.00147173284559174	-0.0976644464445092	236
0.038203239192293	-0.0679267516145117	237
0.0163139667903503	-0.0346107232747053	238
0.00211863101326039	0.0635668167365268	239
0.0990870981094174	-0.0162975086407174	240
0.0120416213785735	-0.0143057048605461	241
-0.0140604399940202	0.00597042871147707	242
0.000173159359581379	-0.00494160399210422	243
0.111998398835763	-0.0260088462521793	244
-0.0768082543844109	0.0668045387731207	245
0.0357214154916612	-0.0943734989578097	246
-0.0445378413603341	0.0646461920894452	247
-0.0442825397869236	0.0720596444082201	248
-0.025142375333629	-0.0191804198635523	249
-0.0369161520135869	0.0395358534703048	250
-0.0737515218546391	0.102155250128505	251
-0.0373806990200762	0.0139355317115518	252
0.0174488045418913	0.0600266919371885	253
0.0890494051484821	0.0141065363341611	254
0.00220348334659772	-0.0626849859077758	255
-0.0876392114267219	0.029368264741452	256
-0.0412398349734954	-0.0345223751196324	257
-0.0240716667868567	0.0566580672684215	258
0.00385567055882306	0.0380145354382585	259
-0.0352223364572349	-0.0438780862424836	260
0.0632720438412674	0.0447871469455208	261
-0.0220834282028167	0.0498471919276492	262
-0.0476343261423292	0.0448908042614287	263
0.0993946271487705	-0.0385391356843755	264
0.00443156898836886	-0.131307513730111	265
-0.0177043694437254	0.036628759193387	266
-0.0682048712328112	0.0736312518144128	267
0.0489670262706815	0.0488985294800511	268
-0.0149832210572652	-0.0380725019331786	269
0.0277518275030784	-0.012969388544291	270
0.0166147234495897	-0.00795885339003538	271
-0.0787566568409809	-0.00692643866022244	272
-0.0565470222282268	0.0118583581943219	273
0.0397254835320725	-0.0831797712748101	274
0.0628795851081522	0.0229312926769305	275
0.0126299156973468	-0.0108086324253414	276
-0.00735457012931557	-0.0726476968916369	277
-0.022765643909185	-0.00278008158859235	278
-0.0418838992466069	0.0307027787643036	279
-0.0691800492996906	-0.0118908002534256	280
-0.121249486796414	0.0749991437945131	281
-0.0779248648183014	0.0395945861483339	282
-0.0878385699050263	0.0258366910273698	283
0.0476444015842361	-0.0876057053376332	284
-0.0474625141458878	0.0284874233998576	285
0.164475603963533	-0.0147291828697917	286
-0.0272526608071987	-0.0459304620197598	287
0.171016265912001	-0.00547236736935625	288
-0.0212395923272557	-0.0209762467407985	289
0.0451381664064654	0.0966920478393296	290
-0.127103233943599	0.0639005931504546	291
0.0489512137193406	0.0175772637539608	292
-0.0471599164659283	0.0220594379727962	293
0.112090925066048	0.0182660392396432	294
-0.0396774818227026	0.00605425423925833	295
0.0136138041344081	0.0207045232604692	296
0.0526827374565293	0.0417336323952495	297
-0.0187730604020673	-0.0240434040489048	298
0.0585843782128743	0.12116565602267	299
-0.043881648203083	-0.038892343535154	300
-0.0523629427391685	0.0483952055338323	301
0.0323551485411536	0.0121371307130923	302
-0.0725624958951155	0.00487751632133313	303
-0.053290568516553	0.0322292754920708	304
0.0807453888961177	0.0341076665551533	305
-0.0703868799914149	0.0137024785682674	306
-0.109159118904933	0.0551284720710263	307
-0.0358996044555316	-0.0388913813750765	308
-0.0345862120948911	-0.040986610726663	309
-0.0473802383114011	-0.0305144568257017	310
-0.0201539423155597	0.0179489088173824	311
0.0228745991869073	0.0235497077175909	312
0.0349507277511951	-0.0648799992457102	313
-0.0330200891121551	0.00183047644917332	314
-0.0827874254522211	-0.0219582932626746	315
-0.0537219499975752	-0.128338858798645	316
0.0232648372391436	-0.0111191349445712	317
0.0343287789931632	0.0054002267995734	318
0.0558201037730387	-0.0606161743755688	319
-0.0579355831088351	-0.0164907171119478	320
0.0844163941462858	-0.0544385150066536	321
-0.0368975387182682	0.0116203390976401	322
0.0195064059394428	0.00534227092924861	323
-0.030725750137629	-0.059024172096366	324
-0.0416519432228828	0.000115613817967271	325
-0.0194677128605853	-0.0619672667985126	326
0.0218763706598857	-0.0137925571542203	327
-0.0415067557207984	0.0453284852644409	328
-0.0205977744909428	0.0508091749464037	329
0.0664678400193586	-0.0789917895652423	330
-0.00426189049546723	0.00286966315196162	331
-0.105307473696796	0.09304825957857	332
-0.0890748984762513	-0.120037833928162	333
0.0331232124507949	-0.0675559861631274	334
0.0490697634759739	-0.0450236055344142	335
0.00964594168328491	-0.0875039762288565	336
-0.0530135573031348	0.0637368876732844	337
-0.0588481243803034	-0.0479422351360724	338
-0.00278445604112296	-0.0821819738590138	339
-0.0316562688497984	0.00427766230772339	340
-0.104020717050623	-0.018273206997622	341
-0.0214442096238099	0.0112636913014937	342
0.0569397345081955	-0.0466466094593688	343
0.120970082017824	0.0105220319995368	344
-0.0245615226856345	0.0529554396625198	345
-0.0078456927236555	-0.00958170090901108	346
-0.0243886451263358	0.0527738774811423	347
-0.040977291132847	0.0643937000701403	348
0.00479817524950694	0.0676468265860695	349
-0.056517780248981	0.0567120859520688	350
-0.050163463875332	-0.00398948367517939	351
-0.0102336221499054	0.00180450925695028	352
0.0918408913479961	-0.0191184256356742	353
0.0149279086673058	-0.0427576130999507	354
-0.0275219772984798	0.0251136817601079	355
0.0151998697530011	-0.0828169700251769	356
0.0147073214952955	0.0518173078167745	357
-0.0294942095485556	0.0272964310801025	358
0.0220051616966827	0.0212680396226439	359
-0.114461718215288	0.0597814329826804	360
-0.0466785170410657	0.0029683284771754	361
-0.0639606279904479	-0.0296301282330226	362
-0.0880649306323229	0.047283980054763	363
0.0855201039884153	-0.114623760506943	364
0.00870735333085634	0.037015371105	365
0.0330848282384221	0.0293172168800852	366
-0.087728697921431	-0.0327488997660167	367
-0.0173151781580576	0.040956186901418	368
0.240979229296723	0.100688005049609	369
-0.0682061342111587	0.0759522887685402	370
-0.0685213853874943	-0.0447096484386445	371
0.0465747704315075	-0.0307566592491405	372
-0.0204424359170906	-0.00535790662120809	373
-0.053769724365159	-0.0249360515492127	374
0.163675751466973	0.0870447466768289	375
-0.0482560640946948	-0.0456911937346934	376
-0.0471384196151823	0.0773808214651684	377
-0.00627427808516045	0.0158054258031584	378
-0.0274164453291325	0.0176244109789687	379
0.0299677334037548	0.0616644084161813	380
-0.0909072876758828	0.054996068656235	381
0.0304921597318836	-0.0514917016674363	382
-0.0162915509877928	0.0366883516940851	383
-0.111317189881895	0.0500232581384678	384
0.107229299951813	-0.05833965367624	385
-0.0773968419637137	-0.150736646888118	386
0.0802542167761172	0.0181671992365413	387
0.0292127814886394	0.00253076533744693	388
-0.0653262652027205	0.0360085895353178	389
0.0402510373940815	-0.0283476491451365	390
-0.0757030520524789	0.0533066205454734	391
-0.0231095170504246	-0.0366166380337853	392
-0.0493740346540695	0.0969213441575142	393
-0.00490266392557585	0.0291906518838865	394
0.00889699880384565	0.0103418937167742	395
-0.0756936596210391	0.0785556432240323	396
-0.0880706351557422	0.012142659549316	397
0.0948175894439336	0.107823681401714	398
0.0104983674505073	0.0250668599449287	399
0.0213059297103485	-0.0180082497229351	400
0.0238692680839432	-0.0586798777662466	401
0.0448630366651887	-0.0974854933738296	402
0.000853435629203153	-0.0253883016429858	403
-0.00112251259979244	0.0119339639678612	404
-0.0250826270660216	-0.0624617741957603	405
-0.0300615013778371	0.072792795974994	406
-0.0224998247210391	-0.00914599901597511	407
-0.0699638205671141	0.08711484189022	408
0.0274779714507773	-0.0731177607761177	409
0.0115780060778358	-0.0104384914718258	410
0.0289471497965838	0.0106105808694973	411
-0.0881944103248026	0.0632455669768636	412
-0.0200168099260182	-0.100178008605256	413
-0.0261914781980124	0.0993465352181456	414
-0.053732354531377	-0.00516255600161844	415
-0.0046517130107962	0.0182816568245538	416
-0.0270300947600452	0.0489577098078271	417
-0.074570848011224	-0.0208410832713676	418
0.0443906673402137	0.00117827580618242	419
-0.0420066323996732	-0.042771229949699	420
-0.120993385768659	0.0724615744444781	421
-0.0569477772491054	0.0523038794130346	422
-0.0282127304732428	-0.0508236129766348	423
-0.0528963197310442	0.0626528581163934	424
-0.00146923682482054	0.0311399852954943	425
0.000620587190841253	-0.104933538296971	426
-0.113193243517044	0.0305117555559136	427
0.0218338000442105	-0.0447868065130197	428
-0.0258419679100125	-0.0608021879980992	429
-0.0607924800948875	0.0280603715462253	430
0.0103637174531338	-0.0632653415016395	431
-0.0956736012915397	0.0985219139020514	432
-0.0673931885501164	0.0548864705694039	433
-0.00286658717571847	0.0689541075246796	434
0.016771947796138	0.0410208879459731	435
0.0418316236215777	0.0501521559848182	436
-0.0351466823208285	0.034745116538053	437
-0.0247622799196259	0.0373824789506323	438
-0.0206323362496409	0.0311890222642333	439
-0.0862666035451366	0.064898010701683	440
0.0848508736426539	0.0803282289158448	441
-0.135355562513223	-0.0272311156041143	442
0.0753920119541681	0.0156718175431943	443
-0.0582764734240822	0.0735255838430972	444
-0.114120052042392	0.0516323496864272	445
-0.0681051423168174	0.0548878298349223	446
-0.0561524225236006	-0.0659576907962383	447
0.038129786996437	0.0311046511566996	448
-0.0717068728978496	0.0542178947416336	449
0.0422643999062095	-0.0529102129336386	450
-0.110455976017329	0.0425166400723392	451
-0.0989560890036133	0.0543658421709659	452
-0.0414532208872694	0.0372853099446054	453
0.0800803723934236	0.0417259982272894	454
0.0660613402456553	0.0554259178309926	455
-0.0152133172354015	-0.0344680832564969	456
0.00284409260058094	-0.0466998920217223	457
-0.00995179360385596	-0.0552469827781667	458
-0.012731497594944	-0.0962488302460272	459
-0.0292220795313237	0.0147900505770538	460
0.0146049637904173	0.00972448299152801	461
0.0110589210031325	-0.026330293396034	462
-0.0391607274563021	0.0152793724826324	463
6.47892480030039e-05	-0.0121232905511125	464
-0.0334001326020868	0.0158276387375605	465
-0.0866132645972928	-0.121616986238249	466
0.0110877441019681	0.0228892367428431	467
0.120951840871719	-0.0230658403811472	468
-0.0068888701849918	0.0183714559226101	469
0.00984359940506994	-0.0524160184869925	470
0.0271850253026291	0.0168995931990305	471
0.155278622814405	0.0571775522405477	472
-0.0344751343523501	-0.0106985422606058	473
0.0117297284494519	-0.022002214418008	474
-0.0675576893240418	0.0236195475122896	475
0.213825737953851	0.089767587322586	476
0.0389537913684807	-0.0882145732723738	477
0.0306897266034998	-0.0387213153378289	478
0.029988659291354	-0.079620238487985	479
-0.0910786397753209	-0.00435232352112569	480
0.0530249920022274	-0.0251759322677765	481
0.242304188491711	0.0385628627276249	482
-0.0820136160892353	-0.111758654032163	483
-0.0443548291585847	0.0334829821379337	484
0.027218901287162	-0.0321117304587858	485
-0.00120380539229582	-0.0172421927335737	486
-0.0258192398611148	0.0102107225117974	487
-0.0262575735087698	0.00318330082928752	488
0.0651231574656395	0.0427663640592027	489
0.0839731879191695	-0.01695336730092	490
-0.0112195837176039	-0.0934366167028952	491
-0.0300785408569214	0.0244540807730085	492
-0.0314125842483776	0.00077543880728437	493
0.068629754359053	-0.0556837122940256	494
0.0157840292165986	-0.121745361365274	495
0.0458193495770034	0.00867633194067118	496
0.10173091533211	-0.0802693883661286	497
0.255564998987701	0.0648164754951056	498
-0.0627234347559344	-0.0198967277376902	499
-0.00914370542767387	-0.0217721946544478	500
0.0342195861508888	0.0589529279316794	501
0.0421337280180225	-0.124248133125188	502
0.0329121325114084	-0.118171189686964	503
0.0629481028047443	-0.107373823965175	504
0.00172092146558077	-0.103242851380949	505
-0.0421166649105542	-0.0377933989241228	506
-0.00450932314641511	0.0115263316258645	507
-0.0289023015967173	0.00358714747745339	508
-0.0589177161857916	0.0549902378869543	509
-0.000600463497026802	-0.0775417077978304	510
-0.0280084498167834	0.0122579895560871	511
0.0494045244674995	-0.099756914004677	512
-0.0436092036127554	0.0460913193995533	513
0.097449547568762	-0.101302299501252	514
-0.00120564165790709	0.0164709043560626	515
0.0465285920137683	0.0914343989559217	516
-0.126425498566402	0.0482112667176077	517
-0.00306229134336983	0.0398910382813736	518
-0.0446479340014491	-0.0867892479418821	519
0.0920921343046132	-0.0321425453625213	520
-0.0631388425492536	-0.115981811426989	521
-0.0816448582670146	0.0794337445946945	522
-0.0749168824228812	-0.135651952426217	523
-0.0386101579773105	-0.0545467647087425	524
-0.0695080170534189	0.0813087771719546	525
-0.0940642301671864	-0.151393191194654	526
-0.03669024917151	0.046238959955471	527
-0.0688231187191087	0.0876843901322254	528
0.0301392417058299	-0.0884664058304921	529
-0.0324714909234989	-0.0987842096234559	530
-0.036607357555079	0.0431142094088666	531
0.00629278609812224	0.102967292129406	532
0.0303255317524437	0.0936167892539564	533
0.0282651793017259	-0.073718976915562	534
-0.0457925313762919	0.0293381960174651	535
0.0706432910943557	-0.0626966273518677	536
0.193697095589746	0.126992572125556	537
-0.00497051851612512	-0.0141846516918203	538
0.300773445700025	0.0846095397317197	539
0.0458687516032145	-0.100478605906905	540
-0.0279722702434825	-0.0313450477526956	541
-0.0182532333746996	0.0395663056362853	542
0.0183446716361054	-0.0223724965826016	543
-0.086666717432311	-0.198407365797903	544
-0.0263388114810619	0.0923978374333882	545
0.00190887085841135	0.0701742909070162	546
0.0163301258460445	-0.00021607400742393	547
-0.00713036135150532	-0.0670509175104204	548
0.0463238588716434	-0.0198267907807387	549
-0.0221154836165566	-0.183534356955608	550
-0.0102620522873497	-0.065469041702748	551
0.0328275795463659	-0.0769463171632297	552
0.0758483142256577	-0.0175206472248671	553
-0.0209022579384017	0.0227737856022145	554
0.124252394701374	0.0308823835078951	555
0.14664645878696	0.0427809115481141	556
0.02612908284969	-0.0528290368454135	557
0.00979409797787399	-0.0409928500843976	558
0.0566234629804496	-0.0952132505119565	559
0.0637377069159723	-0.0291599217139306	560
-0.0550851819416359	0.0615415761151246	561
0.191468926223327	0.064012305670666	562
0.122268858190525	0.129384750939131	563
0.074908546016808	0.107348096852777	564
0.0124498081899207	0.0705497165641562	565
0.114480219973874	0.122865988231628	566
-0.00983102752656853	-0.036925992023298	567
-0.0665794403404724	0.0729110103489817	568
0.0135641485122114	-0.0497572228250446	569
0.021866691269473	-0.141492275724309	570
0.0664416141516109	-0.0543923482263071	571
-0.100271240483573	0.0725379379389315	572
-0.0293183279819139	-0.030037670008607	573
-0.118337603288903	-0.188554189047503	574
0.0390825259912901	-0.0760104195079775	575
-0.00651184435047528	-0.125615483318335	576
-0.0457078187170373	-0.144636120972689	577
0.141039068893975	-0.0925219856349333	578
0.00977451412123968	-0.0346991145897245	579
0.0137710338803616	0.0707356516442564	580
0.0810720906076266	0.0450323963835634	581
-0.087498063584375	-0.124850875898638	582
-0.00296951756402096	0.0913560723126986	583
-0.0409595084794607	-0.162024377228849	584
0.0930562855287989	-0.0402935563790403	585
0.0516032492948641	-0.0950052703512632	586
0.102239302491906	-0.0599334861431145	587
0.143923245275605	0.0144658597143674	588
0.000335370024234156	-0.115506448171041	589
0.020117493675664	0.016990898460087	590
0.0213085305452938	-0.0992180733915061	591
0.0246996559432773	0.0013730232985675	592
-0.0308537445199287	-0.0334345476935778	593
0.0253405071058097	-0.0389301583782323	594
0.0177791746499234	-0.00610745852493804	595
-0.00376040425511959	0.0310085389532997	596
0.0608870562624449	-0.0517847276199	597
0.0783689030323836	0.123393131699103	598
-0.0886506520468488	-0.0185488556053848	599
0.0127957610775024	0.0131956689068809	600
9.08799373942462e-05	-0.0383184746453025	601
-0.0119173633278353	-0.0957131031044825	602
-0.0303821467712558	-0.0122367478388482	603
-0.0841603291611095	0.0514604861807672	604
0.0392336587531	-0.00370896655865457	605
-0.0542998492181206	-0.0641509961756204	606
0.0333363377915681	0.0551344134424216	607
-0.0525106766603398	0.0518125891989131	608
0.0596403646970151	0.0513484510534182	609
-0.036668816740805	-0.0845361116042737	610
0.0859507957360199	0.019667896111769	611
-0.0778726488416424	-0.0936613117134062	612
-0.0659372658056493	0.0522145199550616	613
0.0477093701177458	-0.108563472895053	614
0.064272409196424	0.0650048944669791	615
0.0509682471746765	0.0100669658578985	616
0.0398741005404121	0.0070630808804655	617
0.0113768327742506	-0.0214838423340454	618
0.179457157822991	-0.0465726389996945	619
-0.0102002300975172	0.00751331282374314	620
0.0925187039423946	-0.041116758844116	621
-0.054317208227823	-0.0676798403802367	622
-0.0432833207735447	0.0118119690329498	623
-0.0181509858418059	-0.00598368576269783	624
0.0378532672888689	-0.127599521992262	625
0.0717386070104767	0.0150128711293579	626
-0.0884107607819902	0.0256378563487618	627
0.0187275733270414	0.0353537059165039	628
0.0528893442915833	-0.103122047608786	629
-0.00511830728199726	0.0665778601039484	630
0.0219734318896852	0.101223818054085	631
-0.0245745810858199	0.0225997175694217	632
-0.0263258817488876	0.00380596544450316	633
-0.0330385132650977	0.0591512191325056	634
-0.110186332329668	-0.144397444568083	635
0.094938543309491	0.078438299224649	636
0.0308962288463376	-0.122405473127256	637
-0.0669400135105716	-0.00699713492491833	638
-0.105200896368547	0.0320986926290801	639
-0.0937028783977266	0.0823582489765426	640
0.00824384543504284	0.0194002183917942	641
0.0758735084040925	0.0328459819872074	642
-0.0370626162713641	0.0589094174182075	643
0.0254820503635717	0.0305002559167442	644
-0.108306382874082	-0.0704730620644891	645
-0.0238339853117522	0.0185502902028003	646
0.093406962784467	0.0774691615890329	647
0.0147520818536763	0.0918965199264309	648
-0.0419442008614337	-0.102427722646794	649
-0.0748415332236446	0.0339717442152088	650
-0.00936559550365201	0.0661101514173795	651
-0.00249600748289957	-0.0957747376441394	652
-0.0256333220832697	0.061715301272373	653
0.0535032849726391	-0.0180028375968887	654
-0.00545367608123974	0.0978082558025192	655
0.0586101910946762	-0.0956992503421143	656
-0.0203498797114088	0.0241560068406272	657
-0.0534904109640907	0.0604997212690343	658
0.0294338322937328	-0.0834124543176778	659
-0.0021578548282096	-0.115438420978797	660
0.00270346002465393	0.0358740340442528	661
0.204934298436413	0.0559874129735796	662
-0.0821780713242921	-0.189371931470256	663
-0.0148934830239913	-0.0155152727276753	664
-0.0687941275584068	0.0599500928113179	665
-0.00616111856157123	-0.106813572978204	666
0.122962172579141	0.0547444828169943	667
-0.0357114764970707	-0.00431663397725932	668
0.0303477940146162	0.0110302178218691	669
-0.0423187461269096	-0.0254634465826436	670
-0.0107981794024853	0.0342269544857255	671
-0.0608656960042754	0.0884423513257217	672
0.0155695759291378	0.0608497519075715	673
-0.0939450974065966	0.064038075214615	674
-0.00353955907054659	-0.0330715299497816	675
-0.0978638642824374	0.0465720705439115	676
0.0459479677369185	-0.0166724027840803	677
0.00363839193502158	-0.121032032307735	678
-0.0327211481382716	0.0450098713436091	679
-0.0937063935312357	0.01321771143615	680
-0.0279516643592461	-0.125151828563568	681
0.0431522514717875	-0.105219569408874	682
-0.0457555948429155	0.0473617208043152	683
0.0577888709539143	-0.138419259207251	684
0.0412410291455954	-0.0895513021841894	685
0.142332316321927	-0.0825930467677219	686
0.0870702547381189	-0.0370020874025221	687
0.0348068799155209	-0.00218915288078015	688
-0.0387286554705078	-0.0393141912243224	689
-0.0502994986314157	-0.000325296512603177	690
-0.102869715303409	0.0544642955277343	691
-0.0584272384076409	0.0826230137113065	692
-0.0187928482597692	0.0344524825807278	693
0.01039793382709	-0.0334500528618727	694
0.00736945568496862	-0.0817985916431118	695
-0.00413123982457942	0.0731002194750449	696
-0.0712809539323127	0.0837822325985279	697
0.00703159872360039	0.00927504610244644	698
0.0375459833708466	-0.146504987498232	699
0.0319315505850357	-0.00571342108442516	700
0.0473191173813111	-0.0476237722324426	701
-0.001934512669984	0.0744460597727023	702
-0.00912252398904569	-0.0899643640240129	703
-0.0614519158270672	0.0588049326759795	704
-0.0242571814175648	0.0350846847203697	705
0.0165972052221427	0.00489593944760963	706
-0.000106041291023097	-0.00790836796451439	707
-0.0469605082256984	0.0515619306120177	708
-0.000712462145805162	0.0322264589989149	709
-0.0450274696780588	0.103992139728894	710
-0.0431789110428328	0.0399197925571265	711
-0.0448978962269558	0.0128820212627872	712
-0.0144992738351924	0.0462692447150317	713
-0.0196073163765595	0.0867050666594989	714
0.0474613820471832	0.0811603267530575	715
-0.0882381163081205	-0.0432526749203643	716
-0.0560251788615889	0.038558133499474	717
0.0968537774650294	0.0594873986197377	718
-0.0241301827938054	-0.0484788097093314	719
-0.0411247843193664	0.0315499859910813	720
-0.0179749768015816	0.0564447217423234	721
-0.0648552137925026	0.0158611772298986	722
-0.0675530692537239	0.0278283434826367	723
0.0443015858716062	0.0161399038309688	724
-0.0366789701580341	0.0375455457027069	725
-0.0393997022906019	0.025488398087501	726
-0.0705334592699347	0.0200770520047717	727
-0.000559134325698235	0.0136467895225396	728
-0.00612835934662718	-0.0193712140801628	729
-0.00657504076188309	0.00671795224556404	730
0.0115238102412548	-0.0077056377585473	731
-0.0433661822718289	0.0471620592642414	732
-0.0790442270142083	0.0587968561188324	733
0.0133608279236479	-0.0471023840935793	734
-0.0321820214051703	0.0345928468424341	735
-0.0809950144645584	0.0322641031585197	736
-0.0148384630362932	-0.0374502405515159	737
-0.0456400531941065	-0.0507655737499557	738
-0.0353747249007655	-0.00509616020804433	739
-0.0061396362089902	-0.0087586879714444	740
-0.0259523047272123	-0.0706369072435689	741
-0.080783445121559	-0.0716302938454326	742
0.0201757843441481	0.0335437255689117	743
-0.0211006428148901	-0.00246478839689684	744
-0.00708352984495382	0.0775247386246504	745
-0.0531088956217226	0.0421591906700108	746
0.0637525413122726	0.0934797236034488	747
-0.0325755818259469	-0.0483447270122138	748
-4.73413488496431e-05	-0.0230783255159106	749
-0.0500303009005352	-0.0747536760597624	750
-0.0112035240487149	-0.0113359289838771	751
-0.0388128679376708	0.0473477600794674	752
0.0130892917605858	-0.0375271193562735	753
-0.0408717603638528	0.00435016222883985	754
0.0521377612045482	0.0769084241953078	755
0.0611121240710953	-0.0123375509225779	756
-0.0816198718619138	-0.0335683212958921	757
0.0464996176694754	0.0166469332867264	758
-0.022817754105121	-0.0216381373486158	759
0.0837424359241377	0.0186155939956307	760
-0.0382139010800229	-0.137522623951482	761
-0.0461441966174618	0.051048261544108	762
0.200606855972476	0.0316066427069264	763
0.0614579579111129	-0.0320093583612394	764
-0.0126827752172915	-0.0584523121631524	765
-0.021150384753348	0.0281314780413824	766
-0.00314554080778227	-0.0112713108812014	767
-0.0683283480555041	-0.0171061989179984	768
0.0313162889107374	-0.0679019618311658	769
-0.0289231610817342	-0.0181064479820284	770
0.129239066120858	0.0149100757380102	771
-0.0503581543529026	0.0813048298349489	772
-0.0947724339730295	-0.0366824790178863	773
-0.0519386624327103	-0.0319162000444455	774
0.040394000160481	0.0281309601347115	775
0.0497931423849621	0.0159404547257462	776
-0.0225523650370769	-0.0944220716836297	777
-0.0958217777195954	0.0370978249614523	778
-0.00266293383173596	0.0148717269540072	779
0.00595515166802057	-0.0164556498758551	780
-0.0167540812339278	0.0422519756572	781
0.0329978307730806	-0.034774853475101	782
-0.0503888427268409	-0.00663306527461309	783
-0.0527497009737811	-0.00433461801350599	784
