comp1	comp2	comp3	comp4	comp5	comp6
1.09057394216765	3.62339968830552	-2.5304528794603	-0.166835301890427	3.39085993352476	-2.16747073044081
-3.47129768966801	-1.44652274515085	-0.914536743529944	-0.890997086835631	0.49592434990195	1.91164394949748
0.348455235980939	10.7442015432486	-2.92238367806963	-0.211876284032376	-5.30078205888933	-9.33288567326433
0.315504187088627	4.65966018764322	-0.421983502131843	-0.9568185902811	-2.60454230242729	-3.22949416838544
1.44834737191075	0.879976654983374	-1.30326884836564	-1.65852440497661	0.658123174768656	0.219645830645916
0.568173775176686	2.02526388952573	-0.821415751244133	-1.05183154284145	-1.0966193155787	-1.2628859092034
-3.93163528285869	0.329284843265977	-0.68448673541779	0.60518808339638	2.27172409014505	3.81222504940574
-2.8938931508539	0.105833738546345	-0.181733570571657	0.181107512808837	0.580055596934429	1.55100556945675
-2.31603135884923	3.45506720812006	0.0679117735261128	-0.207224564842727	0.0993226680126785	-2.43034120466652
-0.0194642856451711	4.68712205434936	-0.894709141421895	-1.76987331095697	-4.1381291278513	-2.80014761773454
1.93303920127164	1.06972307062759	-1.94740036320608	-0.687799924645181	-1.93999520807112	1.62230661342263
-1.45703326155204	-0.163036284019103	-0.339987392818411	-0.398255051550213	1.98239015629106	3.12327362002372
-1.98609894014915	2.70285144232055	1.2273280119117	-0.884824413963388	2.2221472334343	2.5257741700475
1.81951099336921	4.0315129016782	-2.28417318803045	-1.98683226282606	2.36209033039952	0.258395922175771
-2.67764936454027	1.45962987373143	0.90246893169082	-1.05439681279332	2.96037808446798	2.035356433732
1.2470576539689	3.64803089310514	-3.12672945667884	1.8400830926073	1.8117185667073	-1.97537864800314
1.72705159208016	7.88784752485178	-0.874304479043226	-0.433944853621893	3.49387032882426	0.8564968398725
0.195558340698484	1.91563314389664	0.194648253012607	-1.14334234622476	2.05712965367087	-1.24282364324924
-2.78932062586412	-0.613635916767049	-0.453317678009694	-0.437759874228264	-2.07162790676173	2.39125688033714
0.798344439388621	8.16623989012831	-2.95480437502379	0.0266355929947535	-0.0951508922763662	-1.86253619534535
-3.34849051590812	0.927532921652025	-1.02412562052837	1.31078844413908	1.27666304641431	0.38298686266598
-2.58030383882168	0.990915985832907	0.94938125080173	-0.698374744851034	-1.00746094917369	2.02953706307323
-1.33837565977421	-2.67654319576024	0.0282762434923495	-0.0275756698543033	3.1645581764158	1.73316537881738
0.917790061059951	3.14758035735905	-0.121755065197946	-1.48378535140741	-0.703938030020606	-0.369467985023074
-2.60066091887474	-1.03507214371284	-0.0605215958195506	-0.930691148966171	6.84867541675529	-0.882595702855266
1.68695474400266	3.29907412312892	0.58904273438022	-0.877721794935341	0.0586483943803099	-0.42566381442027
-2.54862431306688	0.456584139907531	0.668605136225502	-0.111547765658585	0.188940681003134	0.976001883928705
-3.34178728071869	0.354827770703531	-0.0562818098177253	0.594717293318828	-0.781995070077939	1.34970584736647
1.21851027822683	6.03956513655334	-0.182953516251217	-1.71786205740666	2.43114631168684	1.7048608637699
-1.64562212365434	0.616008157618624	0.870102866970607	-0.306850771219854	3.6016924928265	1.54476665593244
-2.06178287522287	0.204651774140716	0.44365541392377	-0.625781245246741	1.25978075821102	1.07703132174316
-4.78469176820007	-1.29372081499518	-0.442448176395776	-1.02790997041083	-5.80051522930084	-6.86615973917239
0.611736801838975	4.5765475147774	-3.22480058841959	4.69909749104108	5.53219586521414	-0.213219249088119
-3.26580013544953	2.77420385943684	0.534911316926752	-0.36884906865783	-0.381844517899287	4.7958977783215
0.960332287189784	6.99384677436691	-3.63987197318772	0.303330247568372	-2.04901825931427	-2.99455197092222
-0.247723953946975	2.35096076870355	-1.1596828692538	-0.769057419966418	4.66322348401241	-2.94861869888737
-0.972122779404258	-0.812995309481083	1.30450996310313	-0.844724109364481	1.25469890080899	1.8575669912021
-2.49079956012389	-1.58641258954563	0.0809876461831821	-0.75408419841426	1.55567784449681	2.23883590396658
-0.392836224204383	-1.44698594806468	0.473878932280985	-0.665106080970527	1.0653444869189	2.2599585876734
0.0436286667906506	3.50106768243707	1.10943432037844	-0.793616723975454	-5.36077849961596	-0.126534537235302
-3.02266181023401	-0.0470843956282923	-0.479137700719876	3.78379763430688	4.41249305023731	2.2996863348535
-1.3598314053865	-1.54688986273338	-0.802267563199367	0.416238314443818	0.491290635754455	3.85685310081942
-3.03508967928788	2.95080758767408	1.12141924405101	-0.508688283858873	2.19880214592517	2.7985843639579
1.12621494002249	6.97510341067261	-0.0247930940627582	5.29646970803253	2.74692039720255	1.37004873032732
-3.66771477058131	1.38672739316455	-1.44643165929242	-1.24715295220075	-0.834167196491112	-0.260051483315542
0.659653382136853	-1.62260039611144	0.216860396408251	-0.322765703438721	-0.363531636908202	-0.529672237133762
0.620401683908538	3.40044593130033	-0.669781795002613	-1.34456253381554	0.945025506700397	1.21388543519552
-0.469722044481544	2.03600026602302	0.144910211953158	-0.200705619353878	3.52579944265489	-3.13281875677664
-0.658099187766611	3.80425310547895	0.919684168799868	-0.599621620232327	6.2456826549176	-3.33240549582835
0.952709401058104	-0.890658144654739	0.446347142155036	-0.388855899651815	3.49498600719991	-1.36530621800027
1.41720209766245	4.3527751425645	0.124909646570145	3.01045504325036	4.23352669885	-0.441232184886441
-1.6319295967577	0.344390311030253	-0.675949806806323	-0.894105729682763	2.68627978636566	1.74694096031832
-0.495043593166848	9.1719957237107	0.445453289685975	-0.33725260929536	2.91740471177272	-1.76241275463137
0.502463366012313	-1.78016931575094	0.129067483927358	-0.580959068128788	0.865131829563241	-1.38929902325204
0.00538690775977414	1.94966026851006	-0.80196953978664	-0.787949252423134	-0.867174987461999	0.00143728076383501
-0.891878977391853	-0.960553714462098	0.497388743942881	-0.353818272490423	0.816086117468444	2.54034983496168
1.28883775131497	2.68834545750976	-0.605459054946222	-0.680571977059967	4.78476316663237	-2.67715639679671
1.43548414308005	2.9849654962587	0.0178920721703265	-0.0551913743411063	-0.485613659373205	0.426170563176215
-0.62169048468329	-2.54341637989268	0.593478214278899	-0.482874659550962	1.33134821943943	2.40742707544471
1.28569246763609	6.00694608523798	0.656193913645483	-0.543188943969219	1.67706272455214	-0.364267496578255
-2.12312631461535	0.0309403400535784	-1.42650375745511	0.987712850822163	0.0415575503033195	3.53669646170343
-1.44255363959349	1.72854187150837	1.51463492081934	-0.681756770025145	-0.198589313262833	2.39908993586283
-2.43568861326714	6.09981259445371	1.14536198611548	-0.373641342608529	4.50096909076933	0.441593610465344
2.31039087420528	-0.915171249549372	-0.0332611392323442	0.591782869984112	1.7679068602178	-0.911531502554858
-2.60030684298117	0.197297743534687	0.0681241773026631	-0.835966857416837	1.31914766461852	1.42754776005165
-2.01414411728433	-1.32604181141041	-0.278776719258269	-0.44110099549252	-0.0247569966847599	1.35338932857488
0.742182959933574	5.59018550762626	0.132451038692052	-0.130728110520085	1.89999884875544	-1.50698381539824
-2.37400395915054	0.637348115380919	0.866845662103147	-0.950208244742155	3.02246957889047	-0.00309017438362729
1.27076191277257	-0.991314042931436	0.40695612721852	-0.524615625622636	3.44806090776624	-2.37176918920769
1.02038149602766	2.19864058313644	1.11639437517726	-0.944167391538973	4.70719390774115	-2.26934090343703
-1.57117252485471	-0.512651121325114	-0.479512584611924	-1.22857067333413	3.38418314033944	0.964751036691561
0.604693691335306	2.65391798164791	0.63758470531996	-0.92284064819838	2.37145515451729	-1.21294383682292
1.42740327033139	-0.591654244450691	0.466172522858254	0.232619966668296	2.70171572485796	0.252902861541569
0.263484509270376	0.408465722037056	-1.02890618585145	-0.758018907707637	2.88740390232362	0.34223432689988
1.14147021231387	-1.03084106776658	0.445101962583769	-0.376210465252705	-0.867154041860948	0.814483450151754
0.519888557536243	0.984502469926664	-0.48784843808451	0.0428803320686073	-8.25646718464616	-3.44243890511733
1.68264267086614	0.151690751108959	0.734228705200595	-0.976233636812969	0.214429533404436	-2.2516445901422
-1.44550031610182	-0.738591463952437	-0.180455530692077	-0.122437267920184	3.10435422952298	-0.0893906455744729
0.979704287866987	3.57486845203029	-0.462149830662569	0.477846953899796	1.98639071244142	1.12380305776278
1.93687586539331	0.714343735471058	-0.4974084673271	0.307641112036427	1.92281152245283	1.58797085332888
-1.78540427159259	0.791577012980706	-0.20205267950587	-0.989778256551392	3.72832398537571	0.118826737338
2.42270701249978	0.685971743677482	0.963199131888426	-0.376481962972499	2.07353029207537	-0.569701616102076
-1.76625002115773	-1.6428907903949	0.200870717056375	-0.323646707375196	-0.659737879792244	-1.31690260482706
-0.283339687492441	-2.96593796251901	0.421458327038552	-1.08814414466591	1.36658743439612	1.16560229063714
-2.70715924844177	-0.350432512083189	0.608603810941561	-0.827099886444525	-5.45732726596529	-4.15912215721933
1.97359518047835	-0.26025338174443	-1.28241591161822	-0.894032482773374	0.695628639411349	2.04556348627139
-1.65063944145606	1.77241627524436	-0.65640556465534	-1.00653593076448	1.04604432972091	0.362198863894828
-1.47590416647796	4.2045314046896	0.922048406244776	-0.949055158981162	2.13793381901541	2.47058826796736
-2.5220572423765	-0.0446657637401925	0.067560852530778	-0.520688631705035	1.61808742548357	0.949893594451178
-1.80087007656225	-1.2154440852032	-0.52466964005881	-1.17138229879573	0.608641819192169	0.668472429841994
-1.52597995523789	1.57375142005504	0.340961928408864	-1.15247028124102	1.30987388642085	-0.354146450972879
1.2630062831508	6.0213956010986	1.40806166731273	0.137023282165116	-2.24225150136529	1.19857231071161
-2.92393920122231	2.9005336571601	0.786636890232654	0.360271200666003	3.79246970899108	1.24147716307892
-2.53739242601989	-1.69430214204915	0.0179124354596415	-0.669309484950851	-2.88911208307923	-7.05772003459415
1.33750308818684	2.86577792211788	-0.790871653644189	-0.617553298257361	1.22887126443781	-0.606938455612505
-0.891773907333937	2.06861876505452	0.273403767826989	1.14291614881531	3.13749055802967	2.04210284343348
-0.835004329291857	-1.62406152326178	-0.8929429376565	-0.574927421364503	3.27280647879586	1.42009125414112
-0.649259177644525	-0.000630473486256517	0.375771205867494	-1.31986402889681	-0.041543131168295	0.648430903048801
-1.61946789076066	1.61071731138218	0.683261816642788	-0.547332021202927	1.09677256880628	-0.346217439040677
-1.63599927618213	-1.88866688365982	0.170095872201598	0.231474547796373	0.660235228119824	0.793590656341045
-0.779817702210253	0.392584711166431	-0.667295363565607	-1.51825205776214	2.07528075611317	0.536203407976778
-1.47039084532427	-2.01236598380917	0.0933896951693052	-0.685182828593563	2.56498613490208	0.0864943201675617
-0.745607343959118	0.68609397645161	1.11595745099709	-0.940187309424976	-2.98165812302264	-1.58246909145387
-1.08699279307162	0.505553256454325	0.223306831440816	-0.632271590411308	2.01256180398636	0.963208919990507
0.987747021755809	4.68179770536499	1.40839997391646	-0.49549270040881	1.65964263176336	-0.680480753794757
-3.50483858958003	2.72922527808313	1.27845301208193	-0.385834721743309	5.99744137394459	-0.473749986125181
-1.23904825523745	0.18477143577377	0.868463574119661	-0.822645205906468	2.35351840518777	1.17035766448058
-1.82885096023725	0.499927506065072	-0.0160576511868369	-1.05706917449617	-0.602322055552356	4.27311542258944
0.975735111525217	2.65913378457273	0.558002182484066	-0.00726642725086114	0.459332679944588	-0.916463939341811
-1.25983846500828	0.766411629064344	0.854489955798948	-0.419454865220204	1.64694232628452	-1.79015723655154
-1.4337511286036	-1.73036090163427	-0.00241320861743657	-0.871872736427579	1.7774770905281	0.355820097607027
1.65760733581103	2.94267564982627	0.0672624183538448	-0.883001643638614	1.61696451611742	-1.07773884416328
-0.303881597350692	2.13497890438756	-1.50309269183685	-0.305523467951555	3.94685672274691	-1.95558540085899
-2.35708981155687	0.935345961598313	0.095080017125392	-0.893326069801089	2.91568985064281	1.22660823526134
-1.92732904625978	0.964511489751058	0.921612154443106	-0.181269833835856	2.68665500232579	-1.3984582383199
-1.67039337598367	-1.22002307069286	-1.03406424784401	-1.24919189810987	2.30241418646403	-0.100705463155412
0.500452154670125	5.68428415134127	-0.982074002562237	0.428761992519897	-3.04760827156426	-1.50960470778804
1.48200235598952	2.44317271371348	-0.130140405382724	-0.534492625365862	1.36776511971282	-1.22817143344751
1.56600865407718	2.35869742579871	1.02208678634849	0.222124591216491	-2.00596815199479	-0.145647491577099
-1.8644611672154	-0.00956150884867467	-0.343982063378818	-1.28790978408032	0.382085801365493	0.356089197432217
1.69350645840735	4.08400893397131	-0.032952065078416	0.690068094051206	2.0116622353118	0.464750926494419
-0.881577665098335	-1.93250057634272	-0.290195204365922	-0.396863879613429	0.570156356305284	-0.138546268818874
-1.87069698807366	-0.710759716221208	0.901391216058346	-0.723100276807053	0.479237375970437	0.220303657176087
-2.273812943044	1.47747270024749	-0.0944351581671427	-0.380893816589713	1.69420620589873	0.927685398373428
1.93576009296304	2.75430372235938	0.902288524556394	0.753830991161119	2.50830798610863	-0.803116235636457
-3.04396256420298	-2.28611646745646	-0.317523518190938	-0.854301452468718	0.796123975625622	0.960760090364128
1.36139331936501	0.875054885116244	0.480274022668128	-0.52250311249587	4.09853777683637	-2.61158811660697
1.54525810337669	1.67864263408281	-0.746266014014322	0.0384093967066957	-3.16813131222048	0.0365806445497269
-2.77321500903987	-0.165448156343333	0.451231320849997	-0.504213734269167	0.297615592979252	0.078940710996246
-2.43180352815225	0.548273618594606	-1.39592095815186	0.898114141495576	1.75528000495962	-2.27145108989299
1.70638454579653	-0.789309652884591	0.368886077603446	-0.746684713865491	2.15608639371993	-0.587000105683439
-0.891218057597368	0.300053856567213	0.802333027122545	-0.971482863422057	0.144522931291916	2.13965558920364
-2.88397060392317	-0.342126826748759	0.00153785065111151	-1.13352914680176	-0.655400820242819	0.350835925442185
1.58507128209028	3.80171548877647	0.567911400245969	0.623747522458809	1.69542090297608	1.08816805046133
2.07383630051762	-0.821109107589397	0.0401560969229726	-0.00274654814019632	-0.442134662393755	-0.0226781673965914
-2.82403149163467	-2.06801715395965	-1.0627334624298	5.42638591784851	3.10168728185964	-4.58975867621483
-2.28076597271466	-2.7364240673867	-0.883495665983504	-0.44144669189628	-0.542399829141811	0.91163329107727
1.598774244175	1.40612705681894	0.535198035487177	-0.252443228216505	0.336724177559387	-0.119824041657956
1.56935260790136	4.97354669293976	-0.0938351925041189	-0.662577771766656	2.40508064026054	-1.40411390271832
1.45346602603501	0.605024108298972	-0.112234832256811	-0.260985134212208	2.31740135869465	-1.58818459254528
2.15588720146214	1.5255879858941	0.63923889914973	-0.963967704482355	2.48074914331887	0.145021697224747
-4.04749946469083	-0.70212090532822	-1.43744622136787	0.898219222400279	0.998597971682436	-5.72034107598569
-2.64301792326017	-1.4632711789924	0.158879522101017	-0.889456656998288	2.7706483331664	-2.25857725797865
-4.50603682459304	-1.75240133413696	-0.304153762954666	-0.598098327958007	6.40183183953882	-0.123734869799026
1.42362351722616	1.86688101927093	0.394520606553476	-0.357524638805779	3.00521884551926	-2.62092855640936
-1.03420944130194	-2.67726796650186	0.263258660225302	-0.36095330994236	1.06220052851643	0.117336267262984
1.76353308805158	3.01549259601299	1.3412659776619	-0.262515984953107	0.690210588558816	-0.0368878970218026
-0.0131985536786057	0.534744437938621	0.328017074729937	-0.304182538608772	0.00534174980724076	-1.1291101713422
1.74285846355378	-2.04420938408772	-1.44807139231234	-0.214261219026298	-0.471126235394095	3.23636544273784
0.807339858818841	-0.00633010081642241	0.676260370656069	-0.609840948887108	0.81936685003815	1.42369707556025
-1.08040610127354	-3.22756332705607	0.139592896292665	-0.42544010791827	0.0872511695946075	-0.796362992883734
-2.86519859854654	0.717101480547372	-0.267806981829776	0.30131511389044	2.50951945666181	1.31177718827012
-0.0394209795202011	7.13578285589754	1.37348641356807	1.14550881785129	-5.28755225478168	-0.520394474188853
0.403274715329693	7.98267837962801	0.447835285140448	1.63291645606411	4.41038594700502	0.121822478582122
0.647048530582351	3.59547114451645	1.19967850332296	-0.228168107013387	-2.7721233839779	2.50786579435273
-1.68941882226616	-0.628542410549751	-0.660411644684978	0.93530408933648	3.48034690529786	2.35286092978405
0.731525827510542	3.56058367997061	-0.0442972857687964	-0.369249576237522	0.154413951895491	0.0423044114839961
-2.51687782154456	1.28834017028416	1.2033685000978	-1.0266843950635	2.60830270882982	-0.652415025685944
-5.31599067045873	-1.47996126660174	-1.8464305503181	0.859563491331867	-2.77884683045666	-7.11785158060929
-3.8941238234481	0.931639569010618	-1.05915936306965	0.0572663678935543	1.78034930938312	-0.897508236525155
-2.30744440035726	-1.45042319207268	0.00616628267808987	-0.612401862571481	1.40566841360057	0.988416838461286
0.664981906358753	2.1613653737161	0.296816816934428	0.341742075892247	-1.05689456848839	1.83475545434682
1.1370999830215	-2.68801041523568	0.560052419505789	-0.46752306886733	-1.41143839801401	-0.0345974034684474
0.889655549087381	-1.37406028975958	0.513015068759608	0.60644443245311	0.81972682680239	0.319951439374544
0.696318315763973	2.91561373227622	1.18772898265258	0.0247228692768163	2.06143726218295	0.807640035217109
-2.23177795576361	1.76412600264329	0.570615288396785	-0.0123109638946823	0.190774705296756	-1.7905171043979
0.226912539454156	1.96195832466023	1.12911454291286	-0.128368308091294	2.2291703717101	0.286769389084023
-3.13255411241806	0.662987822047253	0.361135908062809	-0.544228324591234	3.07484607919951	-1.27733915619818
0.835973086643564	0.950612801824954	0.9676823119589	0.455957205276358	1.57750153957427	2.31249835665422
-2.60132319796753	1.88944807175281	0.280669195225147	-0.585930186093723	-0.0308232931307826	-0.793374555606248
0.799176986006519	0.304514461049098	1.1199367787966	-0.0159574961718439	-0.694709441956538	0.319199557642305
0.411467826006732	0.318985321281558	0.666327562094914	-0.451372323621363	0.56755160466546	1.00861360833675
1.00052470467449	-1.40103833708137	0.491061387012706	-0.73396305582311	0.955116078665044	-0.928717335491515
1.01806340424226	1.33434156148793	-0.119120137249214	-0.258989574452796	-0.068718236596589	0.106991022409476
-2.82796135319345	-1.68402738741737	0.250970067883689	0.924919210968605	1.13283026375397	0.934852208186078
-0.873780897588797	0.047747051681137	0.0327351862775091	-0.986609378327133	1.02348943536552	0.77037504492668
0.570317606921302	2.7873640780015	1.5824967504505	-0.626278412487164	-1.51919831560061	1.35103344978617
-0.397307978518099	5.231788973424	0.942788546131335	-0.215953029469739	1.97983661100474	0.830794327219705
-4.81357000561512	1.7681367880837	-0.0745720559847975	-0.569420237128836	3.45297273638535	-3.85699941310595
-3.50504070981295	-2.46520136711174	-1.30304397685237	1.0078706957319	3.59770448807316	-1.97045736357514
-1.62782155704788	-0.244757756439553	0.153771267862644	-0.583310749101342	3.69697512308881	0.316610743579788
0.218553248608971	0.924752760947765	0.946096282239661	-0.339060079484122	1.8499536934712	-2.48717974640667
-0.769969503426231	-2.88633079116105	-0.293423759287089	-0.908462922349513	1.21541000440185	1.12208350208898
0.658455466661134	-1.68973044953897	0.0672704216276501	-0.868077957318156	3.58709942140608	-3.59933741425785
-2.62577773169517	0.724184728055044	-0.194510491502111	-0.238103885477632	0.557236045358225	-0.80961184677693
1.24953292072368	-2.3781259757476	-0.00163113116541879	-0.497045119564514	2.21892018958466	-0.0498361104628142
0.94676116936952	-1.05515484895572	0.260787308483936	-0.351296882229165	0.17555798494648	0.609291889153572
0.55643874933685	4.04337497901787	0.76633726286449	-0.0127780153041967	-0.947769145879599	1.08418147545401
-4.63530799332434	-4.08169354896666	-1.97630202697094	-1.33738481150405	1.63651966801204	-0.141776519716116
-2.72615573050108	0.862833027210697	0.960037723213697	-0.581921020766451	1.86750930047047	-3.13526027105873
0.665971825501082	0.130916870394977	0.162870905197468	1.77582705293266	-0.679062644938848	2.23928712650962
-3.21153721491338	-0.936363995320454	-0.252570783732654	-0.753151998792072	3.35538766504454	0.664155813151039
-2.13892987468387	-0.0757804997870795	0.156132772137394	-1.22085545056049	2.39605729743567	-1.54490674905323
-2.36933625162941	-1.70830211245795	0.644356397453092	-0.410896140571599	2.57095960334497	0.0702494267786661
-4.37858900847395	4.62633237436976	0.676626127837015	-1.11541899479291	7.87918401145079	-1.24491455895318
-4.91369793453906	-2.14020977939297	0.090667971704756	0.0353764010077835	-8.35605367378399	-5.37248566014022
-0.796561079856595	0.578407906595793	0.453972036369329	0.0342026786594633	2.86377853685608	-2.68416533560882
0.206828495669749	0.0806359346823951	0.380362660742918	-0.453055320851865	1.44588033764906	-0.624562913557563
0.928002852889267	0.583231919231764	1.11521304620889	-0.231866133832829	0.332263563850828	1.1196619250906
0.93101180893807	-0.10569466065605	0.492876024042826	0.951171044442972	2.81708914804298	0.678044064533041
0.060998790265627	1.09050290412629	-1.10287132333063	0.649105255542766	-1.91875290652892	-1.75343925111103
-0.869125678244814	-0.816314287048072	1.2085547155859	-1.03044380030712	-0.036379872727334	1.67495578510064
0.466985057184264	-1.51887602936784	0.490325162351207	-0.621578877357784	0.520648224860508	0.529407238096135
-2.0065783116167	-3.25965085786612	-0.935622096895884	-0.767456371502718	-2.81099757938541	-7.37331547707247
-2.76728996588765	5.12782511510034	1.76878052126247	-0.673260807436932	0.54374397771095	0.944416219480661
-1.37419211635038	-0.499845988843488	-0.616661240736429	-0.0504157614901283	4.26306971875806	-0.584106784757497
0.449806912380251	-1.69959967961521	-0.0704071625890347	-0.93811108806343	-0.0505235973069753	-1.30773112732101
0.346811330819937	3.44265681714038	1.52357700070685	-0.180419419053357	-0.73478131365111	-0.968977553204308
-0.969119245536049	-3.84405592008665	-0.25959414307928	-0.378174360112374	5.24144638996791	-1.86948942549419
0.467448310668944	1.0797219040754	0.267081652508532	0.346768097504281	-0.610005835570509	0.435328861698906
-2.01783591461532	1.75655771000466	0.493800553254201	-0.563924991356022	-2.61248227035261	2.68515100543186
0.00603223664896325	-0.376093313568758	0.300665756576312	-0.194882698975729	1.18201775904748	-1.91390049858751
0.870829559148327	-0.451366198647701	0.875080594665957	-0.535464957904014	0.678357492082845	-1.14086184261055
-3.5634753079869	-0.419736045856262	-0.267868305063132	-1.15552085425696	1.32008172167835	0.0355372964911678
-2.32181789737343	3.38284290068705	0.343261974327555	-0.257489318989926	-4.39534191163055	2.1862892683057
-0.311439921143322	2.15096523506092	0.842971121543795	-0.34974663523196	0.0841811354014126	-1.05006717711749
0.842023603318116	-1.41070021950385	0.348906258617987	0.449991372187968	1.56337312505765	0.480448971192126
0.494810646284856	-2.56386313487527	-0.353265164665446	-0.574632471590461	-1.65019485216258	-2.06744446816609
1.08475304327968	0.88276589233588	0.974617553579686	-0.412020805476183	-0.428372566496454	1.78560038776896
-3.27092798157217	-1.36487151945943	-0.952485401033855	-1.2857330523194	2.79027536889864	1.95706815610182
1.23921060630723	-0.527204846644637	0.290604148139745	-0.30786553575478	0.755372362462512	-0.756187650791016
-1.05258821500775	-1.28591281258978	0.084019185933637	-0.351375013184742	0.829099912054203	0.439745604166683
0.438381598646586	2.23142424017218	1.78314749392449	-0.380888677088871	-2.88268233606986	0.623701813348522
-0.78418399902842	1.30437342179831	0.494618559910166	0.000815138784731238	1.75863421738846	-0.0802723837956267
0.858649211117635	0.578191951021164	1.30538971577227	-0.0607933738301089	0.709770069225849	0.206989939947436
1.39125074979708	1.47045374049734	1.26265361666569	-0.384631374862831	1.51848730600105	1.0588699303364
0.851186574963022	2.0944667735384	1.27639221052534	-0.0196858283801719	-5.87419415970987	-0.441552182974117
-1.64109917402098	-0.944250021510971	0.396624539339967	-0.939132930217558	-1.56903480677293	2.24448897823978
0.394769019006373	2.06828667453287	1.22633847019275	-0.784046485082146	0.303002699853079	-0.365358756616376
0.185548004787805	2.9319670262535	0.225205690801518	0.817024838965338	1.12095129859867	-2.3002666908821
-2.89210628577513	-0.758955045551793	0.451818619150128	-0.621849759129915	-1.26811590728536	-1.2135096092914
-2.08678206317701	2.01040154915338	1.05429768065117	-0.412888885311199	3.85840506686063	-1.56599850038183
1.25355167859262	-0.497082540246916	1.38222525175633	-0.118758591402447	-2.0779001057004	1.68854923745569
0.240469988076831	0.0532844575599905	0.377537292074949	-0.942556811096865	2.94858444777023	0.443135872869678
0.249420218496277	1.86828901912569	1.2715737047752	-0.139457626615927	-0.379072258424715	-0.0349334127225231
-1.5794684896483	-0.633552560806879	0.188387705300107	-1.17251380103821	1.49660076657157	1.70310645118597
-1.29335927777885	-2.38951917532538	0.00720009150420504	-0.940623787739323	2.79499572752812	-0.239117619544611
0.929104012372618	1.03394985826623	0.150085873577818	-0.153537070578473	0.32360472868814	-1.3021935154218
1.34120556087647	1.36881558503592	1.12749601282122	-0.136825694869657	0.470100886598446	1.2024141373474
0.631458573035318	0.36734363369126	0.95027446954491	-0.127456939228547	0.897306699003464	1.70230132213198
0.513431532887308	2.47331829769447	0.869035401488976	-0.467491104358188	1.45137431981234	-2.61332010072486
-3.84726799726551	-0.911742380500884	0.0775665759034125	0.59802241826875	2.02455925648399	-0.194201643288609
0.824043791048047	2.68477857822445	1.40901220805823	-0.697054520022173	-1.66209332882489	0.285190036992636
-2.27077457688701	-0.258367659881318	-0.977470147495366	0.411640754569411	2.59493674257494	2.40972180834554
1.61952133743072	-1.27496546685985	0.575151027477305	-0.124145633740961	0.399385910485563	1.37120691420362
-3.62489244358808	3.37270882492057	2.05076604475012	-0.00632679708124172	-6.12854049766654	-2.13311888897942
1.23321988460284	-1.78363542816199	0.34086302120605	-0.722503012821862	-0.525437852952885	0.120224670684611
0.453579524117396	0.305637577859113	0.892328816125169	0.438573306597777	-1.0660772978253	-2.03437904497371
1.25581241996514	3.03817120065129	1.42730927722776	-0.153967557473078	-2.89172078819836	2.47675611433743
0.778592839124376	1.90391287620452	1.61744643998421	0.661169863140899	-1.47692744358727	-0.971957896235262
0.729165703345748	1.42825593190874	0.866499005262386	-0.638392793731217	-0.181879883137631	0.481372786782283
0.579212428646376	2.91554536705214	0.374930738948252	1.94477454506066	-0.0294472186653818	2.62834888063584
-3.02542644342487	-1.98644732974032	-0.594523379714368	0.730389217401654	2.59242613275998	2.45522856468676
0.850562751309096	-1.83695742145599	-0.0778877440102056	1.10232960225797	0.563022567253093	-0.379888300743626
-1.28939985838566	0.914497368370597	1.44458657629507	-0.596739579144844	-1.87872040525194	2.77331852592617
-0.190483680987709	-2.16696727264851	0.499305177689556	-0.905696407365048	2.54775251516071	-0.579494480907988
0.377498702524439	0.923156509777537	0.367554815993553	2.11446743738247	1.2959000425693	0.404173874655844
-0.25448491650168	1.00991399160224	0.742001466424403	0.757362332747211	-3.23100729807175	-1.50593557255641
-0.443755076531081	4.44016019907327	1.77599128242852	0.462798386809011	-0.171081561751664	0.0140569573898913
-3.51943535664721	2.21681024206308	0.830966069416664	1.80663009178362	3.54614935108127	-2.78186821647832
0.0332601418874719	1.75955471937885	-2.02745715886155	4.58361775284224	2.64651317474706	-1.41234665086977
0.774133732379933	2.04923247289586	0.347785475144067	-0.454044213498809	2.26385112681176	-0.962964989904027
-0.661221463135531	2.03665553944885	0.903625945118933	0.0140638895417115	-2.91747783953249	1.45365420769046
0.563882554563609	2.85018574031318	0.956059759885121	-0.239480848852781	2.37516012616223	-0.226881647502711
-0.34291198372034	3.40023264583501	1.3865910848606	0.366319353120289	-6.40938248471107	-1.89736554088713
-1.44429086377557	-1.09370261318906	-1.24283322637012	-0.052848845796269	-1.93631110825261	2.07929287970391
1.11574053175519	1.31543927223458	0.262673217997941	1.02107726218177	1.01645686889145	0.162860632725766
0.0173486186584199	0.649389780999697	1.16517938305855	-0.275797831533244	0.0215233820965746	-1.05982758016186
0.603111762542911	1.91118523046	-0.555717283128183	0.797226467894339	3.59505402564567	-2.29947889444381
-2.26660926232186	-0.166192476134187	-1.6511239870185	-1.11391366091062	1.33974261650144	1.84159691821623
0.771543167446227	-1.18646079772339	0.697087491726793	-0.520903763151377	2.08339140458267	-0.842061762553587
0.375282886656105	-0.877432872174431	0.633798447019549	-0.891887800847596	-2.69425310543085	3.7361022877636
0.909927243628366	3.47801698826122	-0.944262672838174	0.926776794338607	1.96350003588503	1.78149896844459
1.48420639166859	0.560264586294751	0.942181970554838	0.0894459085121766	-0.0564736229136047	2.68831453567565
0.566426969000167	5.65794902082958	0.830465086789833	-0.422506867358789	1.45472268465535	0.700343541697131
0.926885985124889	-0.644692701275229	0.821442687878191	0.985460796851431	-1.99927782160877	0.56737620879831
0.627280270875144	-0.336405157407209	0.812233671289952	-0.18799807675364	1.47330749216809	-0.170503411460793
-2.14377842221253	-0.774713178501873	-0.126848002285058	-0.734502313185774	-0.726848002001614	1.70562197020909
0.862797598082983	1.82737713425758	0.823856435094667	-0.0668185927836182	1.17706371967891	1.13198335101923
0.714768475974325	-1.81513959783023	-0.284692587912507	-0.0537049837549225	-0.281965277674803	0.619735594314376
1.34883133283128	-0.465176639721648	0.778672380614587	0.58069630377066	-0.598389679435661	1.01439984840745
-0.684731265813003	-2.30760830450458	-1.282324733504	-0.739155386615212	1.03261721884406	1.48957616942683
-0.78722317294881	-1.88539521054902	-1.7847699525979	1.42719260428774	-1.47768392437771	0.875016093920043
-0.944022955764766	-1.03940553911208	-0.717007541171801	-0.892612475293039	-0.960415353287263	0.633135310244454
-0.869680973735582	-1.57217780199956	0.278741303981371	-0.547677206972634	1.5451425740949	0.936473281366228
-2.22187495330106	3.39802062243959	1.16621396277928	-0.673763455877105	-6.36361847324593	2.5888495555948
1.38981866615103	0.61338443161299	1.21698357612315	-0.0813410263675073	1.34377502492245	1.67082459609009
-0.178893698470726	0.0327735734392488	-0.275454362845617	0.181933661882767	0.928244519669282	1.68190445384847
-0.425040010488441	-1.28446085346364	-0.909849605575073	-0.631734296064516	-1.72587343624645	1.30508338961356
0.754906621108893	-0.0956664370125037	1.2495476807404	-0.526690067250807	1.7327500907779	-0.873938670928492
-1.19073164116021	-1.4075328582996	-0.95799116173587	-0.309884328118199	2.30235351723135	0.471916613227463
0.837074092381114	2.07262443728548	0.71282532999674	-0.501917456623817	2.94333952185825	-0.825045817064798
-0.698579955155359	-1.45821127897419	-0.891537278377062	-0.645733058590121	-1.47957839637511	1.70459022698793
0.211210894638276	3.28962902983919	1.37310665892396	0.212696756529888	0.775013341220296	-1.27374001314149
-0.137454761987919	-2.1135471187356	-1.34287184594063	-0.417867997281928	0.991822590094423	-0.0186830520543538
0.174024493488916	1.18794538365553	1.29916331085565	-0.552561686588185	1.04659242406094	0.660638086543894
0.636701428491412	2.05602283415612	1.60457214531482	0.438241840693256	1.17913963063462	-3.95452353819835
-0.302799631140894	-2.76920536500197	-1.53419086776629	-1.13673273430481	-0.11820611603386	1.2697317479227
0.00670600720996052	4.02167428457733	0.963099875207717	0.102220891184382	-0.241597642402509	-4.4939522698382
-2.16073995222252	2.84917171667273	-0.396500275349888	-0.424299784895249	-2.17799276226455	0.699083107990892
-1.14339231743481	-2.37201495025481	0.00260029476624678	-0.458069440056688	-0.655702926502954	1.89354389141111
-0.432236804012966	0.0684399158190555	0.403515915674582	-0.16315479334368	-2.41127250402183	4.45209796232244
-0.0913807789936991	1.57551032882105	-0.302604365196108	-0.455680121991146	2.8347383065172	-2.08997349273562
-0.984868578578717	-2.64961365370852	-0.798886570813403	-0.69070824293475	-2.67156367617006	0.449156948859593
-0.164043823381677	-0.390683413720455	-0.00462121256227198	0.414202785243493	-1.93680510779054	-1.57018533046302
0.669047015679649	1.96348181783919	0.782319539352424	0.639506394047322	-3.82850628487042	-1.13575490634937
1.25295435359821	0.764763687619252	1.0513876318114	-0.010551817290212	1.24971939847291	1.94311303432098
0.615500819341779	1.7206277699177	1.31111933515302	-0.0877203753955069	-0.18992359546316	-0.457716074804417
1.55512261061331	-1.32370608826608	0.275362726340648	2.93266862250425	0.337177957804254	3.34824625344638
1.09634912444105	-2.39031031243403	0.136612416402304	-0.382645358569825	2.54596814961488	-1.29014337843316
-0.152191862747167	-2.81855495939459	-0.329133530923691	-0.531824762598704	0.0755321015992785	2.82136179538668
0.766209203304292	-1.48625570549099	0.188341418925889	-0.495968864056644	2.70782841211357	-2.58593908932254
-0.94350276745696	-1.14383024646532	-0.924441917569947	-0.767190745534207	0.0496507275487484	1.24509523361931
0.845694960899733	0.951991675323788	1.16745001354849	0.186977473423288	2.53937653449788	-1.79539307308547
-2.34546938855003	0.406492299259727	-1.24889422982636	-1.13666427476915	2.61159490959205	0.359273559484514
0.746605489206205	0.130336503531294	0.809741765553923	-0.164053827356584	1.68395830129212	0.851991063582283
0.576139709395031	3.04696599916977	0.862270785143351	0.602182227606482	-2.46324202197214	0.616365168914547
0.526323745109615	-1.83879138106736	-0.81270916914438	-0.135367182128625	1.52055785171108	-0.160512200172393
-1.70730938461588	0.389797512573638	-0.902953306879843	-0.00293274158202966	-1.03356515506647	2.04831128702233
1.61884642705145	2.24600684835287	0.275873969982851	-0.263686372689265	-1.28503485049972	2.44930933191427
-0.278607685516518	-0.344688474439837	0.291287088484862	1.50166229092913	-4.00729893089783	-0.263062173612652
0.0630376707343846	-1.29293205502929	0.427655515388175	0.585983055920128	-0.260525725631566	-1.1795236409396
0.215760710552245	0.297661474301808	1.11686907014302	-0.186726178701004	1.36889718576423	0.130411326514729
-0.502938593971353	5.12155138479893	1.27276507544673	1.53126687411529	1.87913368144168	-1.121129831023
-2.18046272177827	1.6925695635756	-0.291136637738125	-0.167096201067746	4.73107914502819	-0.496511148208097
-2.25170422457678	1.73574768940835	-0.262790931520079	-0.384643341249242	-0.0885350813966928	0.522690013148008
-1.70558721686163	-4.14711282628311	-1.06257855094849	-0.846180291934814	0.114641074835309	0.678972468273179
-0.102929223591161	-2.57149059780067	-1.23333555172335	0.889931008498778	0.351401229424799	1.72282976933462
-1.93846315283663	4.62060739137515	0.495338451048579	-0.755524919234049	-4.30117340569735	2.99222764488295
-0.32301616011349	0.0524920143928604	0.820911520070907	-0.012195462722011	1.03697328341953	-2.70760075899806
-0.496963635424334	-0.91166705383099	-0.572226088993253	0.0841063092325237	1.26685381668971	2.67647929229022
0.883180323159763	-1.39623952097545	1.05506543804681	-0.0179660461884406	0.717533042132487	-0.439332156115009
-1.21076617815212	-2.37644499884125	-1.59801150443609	4.46638417190149	4.15330153560998	1.79223289751882
0.704869268294749	3.1943722891273	0.913926295774646	0.812830636150184	-5.36944567573067	5.22495753669198
0.527185223453299	1.75460878281765	1.00379474592775	0.824982377105459	0.395408972896846	1.09861371068302
-0.530505062107144	0.145398453150262	-0.423444713247401	-0.394151132631598	-0.57270482957906	0.764375466479538
-0.270719847685846	1.03618849921667	0.202136424508859	1.56582449644504	1.11610107982331	0.465689075057229
1.08132118468711	-0.213797983102179	0.976078677163848	-0.334116445492113	0.327113938117489	-0.946443677237382
-2.10008404854882	3.23953181899057	0.668389782353164	0.0280854272162003	1.47899712538628	1.79122062687072
-2.27856770270294	-0.111751953727978	-0.261485951647712	1.22360572317795	-0.0160636956676374	-0.661166475270515
-0.310361112143968	-1.21619352548779	0.624774678562374	1.27295071436277	-1.50848740573967	0.528648666939211
0.321390766497922	2.07094068059799	1.39447388654831	0.0571707267366343	-2.11614086492979	-2.15114040595235
1.10314138194898	-1.12196004298382	0.0548979749923367	0.574397710891304	-0.930093112157141	2.1535402528859
1.0835160386921	0.558309413380859	-0.373683052420202	1.49091315772219	2.83990109361718	0.265933892530893
-0.260225307237937	0.107395679193058	-0.15640136273091	-0.718827926607863	0.636598642972026	1.76584086723886
0.702312885355464	2.11438165891581	1.1971390408763	0.360602669634081	2.02068898966778	-2.38779550081576
0.38679516594323	-1.19361746784644	1.30380442379233	-0.0957886051666636	0.16720024149288	-1.17149046109661
0.112496009120471	-0.541425793251221	0.354090018474117	0.443151013292166	3.56517884866181	-2.29837038904242
-0.582632677585497	-2.29504818304254	0.46992750667691	0.148545043890826	-5.04263120929549	-6.01219676923104
-3.76053279603691	2.18337548737039	-2.06179548010778	5.77222998863729	-6.91815397417893	0.411192407536482
-1.07394537458065	-0.312079013553327	0.365468619585501	-0.731509491311777	2.36122500082044	1.43200018422795
0.583507030130753	-0.0692408142824829	0.530610039834137	0.0162894421545364	1.44967540461488	0.950601153869082
0.0577555755234779	-0.215481901912534	0.12073224777882	0.16844151054994	1.45300648241944	-1.27011917375087
-1.24280939610935	-3.65218373557697	0.372869961316126	-0.650762836630415	1.76496746628126	-1.16892260249813
-1.49544489436592	0.140679428857029	0.525695312970095	-0.372391682130685	-2.00547944947868	3.66997278015995
-0.557620466310252	1.11952127763961	1.03950778655438	-0.430752044510346	-1.10458725818885	1.29889448948711
1.58772604795743	-1.52253905385394	0.74668927615825	0.191348795926735	1.202482024136	0.141896252210103
-0.971910666786886	-4.87402008109878	-0.142191163472839	-0.594310474881729	-0.377246116976468	0.601271666069863
-1.73021881127198	-1.51711860551512	-0.515929602934746	-0.261763894128818	0.885656788491193	-1.66537070602595
0.563192948200793	-0.94996552789316	0.194376762535737	-1.05625801443475	-1.37579257592887	-1.1654414254078
-1.8752891798917	3.13371947615008	-1.46394862424994	0.0479224975475354	0.340569968493716	3.43995333281391
-2.00869153946849	-1.55146572553562	-1.23173715805799	0.894607577560761	-2.03522386013207	1.07443276000834
-1.81830669822613	2.52011752490083	-0.214404251200404	0.40231654450801	2.65127172393308	0.0275096932252295
-2.36061904452747	1.00076775119618	0.0906943765619866	-0.814536173453241	-1.38684981808217	0.324095214114948
0.141494085742796	2.82857953955156	1.37058873562879	0.0259474919915176	-5.24074919879444	-4.53805994628096
0.800665813853923	-2.9543281771763	-0.229423554833234	0.774894943436236	-0.102643559822855	-3.08930798167462
0.96672688294584	-0.505414577518276	1.66485851693114	-0.517483265373911	-0.276586585641452	0.227097370071414
-0.0865671058323824	-1.60435271074277	0.557333829266247	-0.240416957323179	-3.12383091913171	3.59156266255233
1.19430155778675	1.47899981294024	0.334641511788123	-0.25132988507063	3.10941392286664	-1.33136930433317
-1.12825396364896	-1.32165173918965	0.2946190808037	-0.514511348390051	0.827445256378558	3.26764517712832
-1.26409694544213	0.300543566587325	-0.131821766249755	-0.929703262410411	-1.4278620110367	3.72648930595429
-1.61402356853318	-1.07535324275682	-0.610093047611974	0.0790378204990091	-0.958424410879496	2.33734747093845
0.797099709947466	-1.44439828324263	1.03027574867824	-0.462781978972965	0.691660434145051	-0.0376662260032442
0.558954532517825	0.703221405568677	1.6351171709007	0.0339847350865723	2.52504108571222	-0.435273577949807
1.04769764031879	0.497647161480153	0.525285925381085	-0.42427364088467	0.226384634631094	0.632340261925914
1.65124183557161	-1.66135330411846	-0.451049333753465	4.80175450255672	1.89022658236134	0.0176990157126938
1.13357481351558	2.51626053103148	1.97459218412953	4.94199167330638	2.07220877796045	1.76179317247135
1.25423628476638	2.01620000933026	0.938125231867228	0.170403367389705	-0.712277897061027	2.18739496424026
0.762020625212929	1.69449093472793	1.51874102918794	-0.0430598752400049	1.90160641164493	0.70034625618367
-0.00882615432753607	0.711192950018459	0.246222317623916	0.804931322948941	0.656448735745361	1.0976548126617
0.623141653242192	-0.581649390067978	0.923580213146933	-0.129191232230081	-0.950397225649194	0.71931368688183
-2.06066307451836	-3.96831632427324	-1.28497059614773	0.496852358587704	0.481815334904867	1.43701158964366
-1.04980784025013	-2.30738619169908	0.129663402165857	-0.525589189304639	-5.64154175875819	3.70176936912735
1.12226170807466	-0.517997763820509	1.37310531127381	-0.149709911439266	0.426445372325826	1.08493683214339
0.928567828321657	-0.542472750414236	0.865288034275826	0.199207944645518	-1.54720971095227	-0.737318593314759
1.11503071938553	0.459619729318078	1.02756359037151	-0.0795600522128411	0.0603777733248246	2.06520504337777
0.924276068957669	-0.579728387319645	-0.073401104880408	1.18073748723992	4.12255308251432	-2.19978196483327
0.97060391474646	1.45064207086585	1.17685248579255	-0.20539633422835	-2.0154317842118	0.71056427835668
-0.258568928075941	-0.236367810123326	1.44638187736824	1.34720317279699	-2.09514653574565	-1.82804401644539
1.18219068586985	0.237795170577049	0.643570458605406	1.41753647712347	2.89899320771534	0.927085632710068
-2.05117393817263	-0.705738851292717	-0.88982326297118	-0.375541512893825	-3.15504349932812	-2.05558632963637
1.03038733492103	-2.94591674295275	-0.0990538965292771	-0.589491935442497	0.981819335555903	-2.42786509856644
-1.80945877538455	-2.21932335597166	-0.399757245164279	0.323728918229154	-2.53440446985102	-5.82530718971264
-0.138188044669114	1.56741072119843	0.419786239796207	0.330546815244838	-6.95235495684401	-2.02778328116831
1.37903707133161	-2.1194474577829	-0.628516782864033	-0.522375874745768	0.122696303155952	0.333583361660939
0.916008300530983	-2.64219235521731	0.0653142358308217	-0.119269195204452	1.94566439171954	0.348886225408731
-0.596766831612637	-3.24007523481369	0.403190605376486	-0.63978433338931	-0.589748031189799	1.93519038428801
0.471993023427285	0.717169107092335	1.00320586581977	-0.442917706020536	0.177463455884561	-0.400865508768753
-0.0550265138186949	-1.34337737130915	0.0137167589706611	-0.0370782468197676	-3.34518553290585	4.42062488113957
-0.849871335997981	0.0375713530427481	-0.234443412969592	-0.407623892054354	-1.23909743651767	0.282495064528149
-0.0536130309313173	-0.179668012756367	0.791709924647203	1.03831485584519	-1.29596929955241	-9.18811072346128
0.944352767642851	-0.700957679595467	0.515217674751391	0.0267603381893063	2.52782088705703	-2.41350596050578
0.798244947287736	-0.922613211668351	1.42616606556377	-0.323589185188524	0.361860581806362	-0.689185308073598
0.21032997742805	-3.53005299865454	0.387182140055678	-0.790168373350095	2.56517291986718	-0.808219609227184
1.08377803014853	-0.933013874607096	0.91865985162481	-0.244555724481176	-0.224945398427481	2.12471895915446
-0.776182491814116	-0.0223606301208099	0.025995078520508	-0.78848533140202	1.05894029152489	1.2046052060571
1.42490368403099	1.32914265846484	1.53012849287955	-0.584669726385585	-0.170123563956308	1.01622003305965
-0.577047778779294	-0.946295097563283	0.112693502028116	0.103760875096422	-0.68295970209941	2.87928336846868
0.123949835734285	-0.523339585188701	0.533003494196255	0.0615646239725672	0.482798277071388	1.62742156752688
-1.74678247853478	-0.463793243237572	0.253099851635163	0.067838461452311	0.135899607036679	2.68427105895272
0.742810507838825	1.57711288199169	1.78881820107426	-0.142832789647239	1.49592404106864	0.79536641837911
-1.79351106301465	-3.59727682852082	0.314678795494422	-0.642831644111156	0.823765607247049	2.14249105476881
1.26271230754473	0.056104765109378	0.53590032333277	2.87628175907011	2.54807341032418	0.771597578937652
-0.0108009696753857	-0.48884432661506	-0.0425854651521154	-0.146545283853442	-0.308957331404103	2.04977428036609
-0.744518882393339	-1.7199019001751	-1.82896099595914	5.59726479159761	5.17950598421589	1.53908832823423
-0.515043782634794	-1.64082990402742	-0.473374263461481	0.0491041908806228	-3.64012239056722	0.813009672360142
0.65376262608265	-4.09913676628519	0.817712242343913	-0.420425624630383	0.339942512687622	-2.43624002535913
0.404049021162204	-1.69844507980462	-0.203098116211904	1.11170132614677	1.79679457349461	-0.541638866082113
0.268999884854192	-0.490991639979363	0.645446015718403	-0.460087426148268	0.751952423845098	1.25354292017875
1.7749166209562	-3.27653575214975	0.526702233851261	0.392397870861643	1.28275701510654	1.54886683717847
1.0413463951677	-0.874413151164749	0.393092491361841	-0.4158634105576	0.394128273172697	-1.38951993469219
0.463672417865531	2.78640122961826	0.175065698449904	0.296652726699348	2.19190412281197	-0.182995739927267
-2.74808185788421	-0.546363411272779	-2.48038901246421	2.36516038180248	2.31209109751672	3.69315444616466
1.03710828717261	-1.85479693153619	-0.0147511511427415	-0.37220438247266	0.860720863309641	0.916333562472005
1.18842246670889	-2.65623778315655	0.277762913847684	-0.496240445439663	1.49513818925094	0.505046790421681
-2.00714957921345	1.93740971875697	0.661056656038191	2.09942487059457	-1.22732111686361	2.67590304123887
1.15807366950702	-1.07179314944861	1.18268660519543	0.143551184313208	-3.73918940087795	1.61138328923373
1.19167448484132	0.976123842708778	1.139902360199	1.24924330425515	1.39098384174277	1.74782318125866
1.13063514692341	0.735972953546935	1.27470383695561	0.0907195739327608	-2.47806611973548	1.60907955587704
-0.914662778026577	0.0829303817066866	0.812400285534344	0.161856962966136	-5.20712062044073	5.48585492635455
0.57320809227703	0.542844838048401	1.03767410594266	-0.236853288964427	-1.10365326131783	0.215131628122621
-1.10988232850854	-2.72025281864209	0.0184703876428157	-0.40489388466831	-2.86461775894814	2.51679111400648
0.588128157201039	1.27807975445812	0.944822534211202	-0.600804861356655	2.149416013846	0.74003890801991
0.443909102164557	1.31597570168093	1.00776800793606	1.36841538633746	-1.59850627362567	-3.56482803578064
1.72865297820963	-0.55833623666306	0.860705287448685	-0.696107689125695	0.0599676583194549	2.11584735879702
0.747789980836705	-2.18240616865881	0.924736358600881	-0.61083087445903	1.80211305459701	1.1894603121396
-0.774683207910455	-1.49082476939531	-1.2415113311312	0.381872509540669	-2.49268400397841	0.219068622104795
-0.833802069320011	-1.17309421752634	-0.68330845985645	-0.127345645713951	1.36717209813275	2.32059046499283
-0.233666254867981	-0.359411374966763	1.06379868084986	0.740349495633343	1.56530279635924	2.16799011379313
0.541179708127852	-1.51014496579795	0.61191427718303	2.01796105149123	-0.0516511152148341	4.33233918787521
-0.703210545746163	-1.03551906988027	0.643828659759263	1.3161052507863	-1.00365139159401	4.60613005256358
-0.858548921769034	-1.63201311372518	-0.258234549319694	-0.332938586596042	-0.0810947481278063	1.8512921907955
-0.223680500833733	-2.70009946977746	0.418127673603173	0.335709483247069	-1.45758735373542	1.03297168894458
0.534676569497703	-2.24384665989676	1.0044004312475	0.0237034455712401	-2.25506603861194	4.68364691272109
0.0748290545932935	-1.42283850420399	1.00951910965151	-0.0511015290540759	-0.627052074424796	2.21553065181846
-0.852218621685317	-2.66074130793934	0.327096587196561	1.43177899950204	-0.0797638901906138	4.77996138091578
-1.38274869332705	-2.56048057996209	-0.891090877343386	0.23664893878385	-1.08428542640865	2.77861785925138
-0.68408687020571	-1.07434550378606	-0.33639717016361	0.0618079922705284	-2.62352593563568	3.94056380405133
0.0471343240536872	-2.13187217640646	0.547071231575547	1.04593940338477	0.12191820420345	2.99932562404812
0.609102152840055	-2.99910918755611	0.753595328100004	-0.104860836870328	-1.03539031958103	1.89458849152057
-0.749091241119194	-1.80038059050583	-0.337235269271489	-0.418739337245036	1.21181551691163	2.42005209516577
0.508450632381354	-2.04492592459751	0.358006736053905	1.26712514057913	-0.485531360397379	2.0018862780751
-1.08887241996521	-1.36737612123908	0.868132575674507	-0.808666950135433	-3.92413150958059	4.8600901847828
1.05113150415309	-3.45123955272208	0.331179060748257	1.70534810824471	-1.76690729463114	3.25205800121548
-0.344965536585285	-3.47835707980002	-0.343554453177932	-0.588927152573679	1.00899816070382	0.340236363179207
0.8515795539429	-3.75408238078806	-0.0194820696422919	-0.0219037050157777	-1.55432450210335	3.44334903666723
-2.10222898992681	0.152743645376013	-0.408498720682361	-0.334987101930489	-0.358841089335801	-0.840448511143997
-1.38624729362397	-1.95307244502797	-0.294637555255163	0.0195078934345022	1.7555529277542	-0.763798102387407
-0.143574352956054	-0.834800926160252	1.28584977541209	0.716627433638676	1.53730131879262	0.927485532821826
-0.206091253659791	-0.967005827643042	0.832675917539627	1.6864329166718	0.76841605427027	1.93355207614213
-0.254717074935979	-1.70254041287063	-0.589855233861384	-0.790760154581109	-1.68006040139556	1.95258113086121
0.347346481366624	-0.229238477850353	0.56970037753936	0.587127014122228	-0.396659615527108	2.02064018686093
-0.150737959378865	-2.47922637809477	0.314014588761589	-0.362678749331789	-5.44237583766657	1.33345009284877
0.339773897031423	-0.849956574724006	0.0807809859767043	4.99367198995582	3.0310186136631	2.68771727938803
-1.82924333915438	1.4084010220241	-0.506301961275272	0.782301703417661	-1.47067131523657	1.99895218887991
-0.685479024632265	-2.45097238919474	0.0721796132286856	0.386003476960788	-5.329477536357	-8.66894899934257
-0.905224908737141	-1.01827516197786	-3.65734028486019	5.62759969967792	-0.88799790273331	4.0032947306566
-0.305416116545596	0.354427040989701	0.655934761978562	-0.72214149513187	-2.54653986634839	3.35285198904855
0.218188574832461	-4.26670520382108	-0.514173581826383	-0.587166738034823	0.170864164192887	2.33235081137956
1.65076367802639	0.36899049175182	-0.0702883414753418	0.960399784606497	2.68965674285757	-1.06281714206255
-0.365570580356793	-1.77816088495028	-0.175532726511732	-0.476142892481069	-0.0272020104515005	1.0524731123037
-1.12612897858875	-0.0648118089830066	-0.465751217132118	-0.762029234817575	-1.35540935264842	1.34205975897708
-0.221167765398644	0.144611886991716	0.941909503187458	-0.162679364938769	-5.68143208676264	2.66900277942019
-0.320441993637733	-3.22286426015034	-0.0738462439993399	-0.867935113998653	1.13628924135132	1.36041524284239
-0.696427180754653	1.20513917843871	-2.81112825765706	0.48634814980845	1.85094557341155	2.75052937952464
1.13196472105784	1.65236630754429	1.00153123684551	1.78516199453722	-0.716564781963103	-0.452749809075725
-2.59174028892183	-0.684249822838222	0.334988343241256	0.340214514113995	-6.58967124049065	-1.49565588172454
-0.518101598404257	-3.12224503726088	-1.06737428128909	-0.0878745750213681	0.497575730173099	1.81071186006036
-0.616624079063432	-0.34313832288055	-0.458147749336861	0.648614919496442	1.07210134641752	2.17053585243283
1.37617142625924	0.050049342097242	-0.945921208740176	-0.317151884426254	1.98678731348906	-5.25756691638666
-0.595426722272463	-1.55470835588679	-0.283853600555957	-0.536488928971648	-0.356462289524474	1.34704716698635
0.555049531065687	-1.49173848153087	0.0469812091783933	-0.324460338547585	-2.29027890996457	-4.55600961213985
-0.59556139159884	-4.09802056650135	0.035734868061045	-0.594713273587646	0.303136862720442	-0.0241278346486631
-1.5153274385038	-1.07550204722212	-0.31150043061658	-0.225159637129191	3.08367817571357	-0.495288348028685
-1.70921652311753	-0.450398790024701	-0.630088663252512	0.155083917485329	-3.7569792429222	-0.537356023326725
-0.680695849203451	-4.66497001929947	-0.204871099108488	-0.627579705738316	1.17581062894797	1.5988950909133
0.938665195118598	0.267698258236927	0.180238959496199	0.275319248237244	-1.19811727430339	-0.0905472875353224
-0.512681833547158	-1.69962533936297	-0.469327913594832	1.63236333670355	0.120457231995899	0.787535128585494
-1.03542646832648	-2.7772574991288	-0.316245029459614	-0.92941449420469	0.323782744131596	2.62007827794107
-0.683051830824082	-1.63512557699366	0.446375007402662	0.220397941669257	-2.64065999076378	0.891276488560662
1.19199025110636	0.593837948402448	-0.304678317628835	1.77129752070716	2.74057921110918	-0.379475165195502
-0.433614688910222	-2.39473210075373	0.674789767486142	-0.84685570866363	0.631687413055991	1.56257118893958
-0.0613311367638403	-3.26099389679568	0.760490965130438	-0.469408245257766	-3.03819886478321	1.6478606324417
-0.965909400962989	-3.02738793673524	0.691572816271741	0.235656110746281	2.05983249298868	0.789063548893223
1.11430915070012	1.45984142136762	0.715415672294164	1.65313668328995	3.51757077887553	-1.2201042274858
1.08503942883955	0.973515180745144	-0.0973416178882972	0.257376874380872	5.66204566030646	-2.43689024311593
-1.82644065149333	2.72856669517586	1.33226928530294	-0.291129409090788	-4.4729829922536	-6.31469776400473
-3.27819534812394	-1.8786573346995	0.593659941405364	-0.307873670670067	2.84207836128412	1.04338061522104
-1.73583994878885	-2.36697147596279	0.453352067134444	-0.61848880712502	2.51217677248049	-0.776631716417216
1.72042077655211	0.447925505125835	-0.397886089499305	0.745063230670132	1.77055581355326	-1.00871212169688
0.0768074433949912	-1.66873807825015	1.35841026330881	-0.245280861742703	-1.88320133806439	0.0911265809214108
-1.01079729743875	-1.92673357449125	0.223756488713787	-0.0738019273080766	-0.107514012672869	0.765461099759343
-0.561366282794934	-0.019161595205307	1.15566019423755	-0.546944414872517	-2.7397188848538	1.05446445053222
1.59406824402227	-1.83327844418363	0.000586294954276082	0.311580275724558	0.760036899703958	-1.80344494628992
1.37163885828081	0.549021044299665	0.740662125504098	1.11317294767108	-2.72523505952734	2.78802642952839
-0.593641501989691	-2.0850349685426	0.789078386221787	2.02449834544346	0.0780344879012548	0.879291587201455
0.992558658333786	-3.70887401446921	0.184233426435628	-0.403975768294362	1.91992664254762	-1.61228211288927
-4.55921354328703	1.69067478500462	1.33024803111675	0.543270940867262	-5.05253954773491	-6.49069099929218
1.35673840941814	-3.28472868413695	0.240201568288108	-0.324145616948361	1.18982315090501	-0.220913831300368
1.18397869536344	-0.00284085974684161	-0.77520664797327	3.37465503087803	3.53390550782196	0.0860485376986433
-0.328096376645004	-0.742805949713052	0.742924188768867	-0.345131911954303	1.43025079646556	1.66890600488884
0.0957875702867289	-3.14271817427262	0.174244258159979	-0.280487603540734	1.73354466360791	-0.151480221795433
-0.820419973256493	-1.47508973205817	0.384280924639814	-0.0265951996277878	-0.63220320648766	-0.934778905235181
1.94058394432184	-3.77072295323652	-0.254942540952336	0.597272899717891	0.217426519869622	0.724370536779428
1.84864473558934	-2.08836627159142	-0.164531202217561	0.0439947299402716	2.45737076039477	-0.374098259639721
-0.922049128709874	-2.45790220464225	-0.0218124088181836	0.0579513335935062	2.03464760059703	-0.954971245193563
-1.0158987946948	-3.301905956132	-0.791106337559246	-0.391271374418913	-2.04587630991399	-0.870364324761605
-0.261824764523443	-2.71615106627036	-0.391603690344378	0.00157730923769949	-0.128401203835028	1.36167097840748
-0.893595292363373	-2.20811213446292	0.504625573594646	0.151836482079669	-3.74155459291028	-0.880131588944106
-0.782136631916177	-2.27646033014113	0.324518278479809	-0.508805959594529	-0.838051854064494	1.81471502591172
-0.427176075313661	-2.28673896312732	0.43187093695753	-0.435425431610024	-1.89292738036794	2.86750748180738
-0.275619918716776	-3.04395727945376	-0.55833328874861	-0.72782993787419	3.18091071459604	0.118942176535204
1.48816261631145	-0.208967371040252	-0.53337973957412	0.282849789511446	0.314668382303086	0.929551691607602
1.72481975948669	-0.233008539089117	-0.691225779875373	0.845736957140071	2.83112735059247	0.880850348649708
0.646041388374679	-4.00728356282647	-1.41254642801349	0.122857518501774	2.42137224121211	-2.29092030077352
1.25794673375723	-0.162987114184279	0.246562582596178	0.0419139107889291	2.46195590099839	-1.46910804413368
1.3654642146621	0.0965467526931684	-0.207656067725608	0.385402627126441	1.39495716008	-1.36772368562655
1.70557685532546	0.16438735784999	0.156520627409	0.430268181155729	1.24532770082359	-2.46298578413744
1.71814695646363	-2.30749711865795	0.27065515196908	0.34067840004495	2.19309825850287	-0.573755641334767
1.53275543194341	-2.40749354240776	-0.449414750625018	0.362080074516747	-0.0471141697698274	-2.18708481366438
1.33180872822812	0.636614582496555	0.139679045444187	0.438508994908129	3.39909232325992	-1.00330474865351
1.26204377694703	0.46107183513836	-0.462776381970777	0.35266738913557	2.24523174993251	0.134565059079766
1.28380535400165	0.555400537551469	0.354635012581197	0.24029209268762	-0.932289066722857	0.602153194950995
-1.69528647095659	0.296603513086351	0.110969800148445	-0.0191478650547777	3.47257328686651	-1.2406362931898
-0.0103168133297314	-2.90981659853245	0.881506912340366	-0.282518215827127	-2.56416313778333	-1.60762651599296
-2.32621637825708	-0.00882925827093442	0.580237515554396	-0.00303235960622201	-1.9529831504755	-0.76212676659002
-1.0075702789373	-2.13528025888367	0.777771532952706	0.159904073866637	-3.55309418418169	-4.83757021700386
-1.34479304946657	-0.247668017269004	-0.0373011058893784	0.31520916992087	-2.06257714732337	-2.7349571719835
1.88648085917714	-2.561478529401	-0.937805465622548	0.142410549122033	-0.1219629441691	-1.33412522686138
-0.262378053599079	1.23054257456439	0.670369165407832	1.29514432832069	-1.1217469557817	-2.82564462524794
-1.96457418407663	-2.9286812515902	0.302533989987784	-0.178170543960847	-11.147775229487	-4.17503330862379
1.95003863059374	0.295328788855819	-0.0468765137515675	0.447016900484304	2.85579980814472	-0.434883837620544
1.97771860568381	0.56063148950911	-0.028632307489223	1.28384742740596	-1.04852688908745	-0.0237887774545993
0.422574878690644	-3.36640853489409	0.0394466987749465	0.894044685236962	-1.71949977020229	2.29939091951063
-0.467374493561099	0.088847407623302	0.999771666798039	-0.122939844735563	-2.40091494804182	2.84734544012707
-1.30119867933986	-1.50982925376787	0.928123415204294	-0.244800549576622	-1.19799828960008	-0.242282098393589
1.26936998674256	1.56484217480774	-1.4113758054663	-0.236919771494158	-9.80138346876918	-4.63861221351078
-1.54158720381836	-2.59787670020137	0.584331450336547	-0.193573931357626	-2.21750481174395	-2.51569983200496
-0.620078289055792	-1.1419950191153	0.611515932498778	-0.141876683853472	1.08333785070652	0.201097443636862
-1.81298237503608	-0.938341956698655	0.174113643443242	1.58916907571078	-4.54500263163364	-0.594176452297683
2.39187996764333	-3.17167527406979	0.178364619163075	-0.0418486838743641	-0.356805313838964	-0.709311763896697
1.62931568379592	-0.648844119984057	-0.107556300110985	0.252170627362734	1.46612969720279	0.86989796328663
1.52146891433086	-0.719930815577487	0.324559263257784	1.50027541186872	0.77130613553643	-1.6599032116622
1.88259765026928	-2.10610117078605	-0.575576089492029	-0.559637581113788	1.870458761896	-1.62056123658305
1.50336109433421	-2.7499584782129	-0.158540075831254	0.0102206274967188	-1.79674158733781	-2.51976046932023
1.77828212052526	-0.365118282681344	0.406976844193614	0.383591944368873	2.13290794130467	-1.67862054467966
0.35387493765981	-0.380759958780251	-0.359190804325511	-0.497298218589578	0.105329238631785	-9.00451432645409
1.83397377074323	-1.01577074136479	-0.483507539156068	-0.0201224213930248	2.5845455816887	-1.2898857858419
-0.791151522940711	-0.31143975837397	1.08843645397713	-0.209544694415571	-0.191886354598946	2.60167044034343
0.896658568469609	-0.0147716891486574	0.328091011744172	0.438955335351631	-3.57891035165648	-7.95065005092055
-0.102982819773637	-2.7899350703059	0.374501977328549	-0.579939010038678	1.53569054471829	0.338836282074639
-0.575911962531937	-1.14666770969705	-0.00956457530872037	0.185427142361541	-1.51983262471304	-0.763799369605966
-0.633502266101713	-3.33946690704527	0.464651439998212	0.179669666648484	-1.79253245615578	0.450941333600807
1.33738555389857	0.095250252386086	-1.12724664617806	0.497358773591098	3.06320918726857	-1.63172726204948
-0.941148668847838	-2.76795180256604	0.145815371159074	-0.243955183526387	-2.03826201601197	-0.246197011313653
0.940322723084119	-2.42730651480933	0.344273542015049	-0.708654370515733	0.64577580633031	-1.92125538758631
1.26711213506507	-0.514042443531842	-0.467015126952393	0.324519687386212	-3.70871862390754	0.958453587955308
1.47478394409071	-2.1844698484762	0.00997074812242511	-0.495901857199622	0.438771284875695	-0.849547656932138
1.39146166462027	-0.380743406430933	0.0316215897037527	-0.152089000390382	3.41311831911853	-2.31764276545854
-1.96792744805988	0.619942366634099	1.0340002920833	-0.309958860719767	1.27282307768442	-0.340738624222857
-1.16630488223419	-3.7376338586937	0.440315068735728	-0.740174436314856	1.96411842624377	-0.936115248031689
-2.15115173730679	-2.56186729085554	6.64852718390146e-05	-0.0193005354286518	2.59267207807159	-0.92009924192195
1.13762015826163	-2.55345198056336	-0.436393490034064	-0.321758808797108	0.579858288034354	-2.37362527098594
-0.865836266658932	0.130620688561524	0.420770113582148	-0.391315205898262	-2.94161867997044	3.19255265157544
-0.0929374315340896	-2.83258522909496	-0.31241705434744	2.74675050438307	3.64527743732855	0.76452146667749
1.61084991893495	-1.39071654016886	-1.14536121931504	-0.166944196657021	3.19818075587013	-2.34207178048453
1.10087320254096	-0.427668226844758	-0.560548011740345	0.368010268399853	2.18942837919037	-2.13602289185598
1.24427533823678	-4.7570902964733	-0.358975411299913	-0.516516083899392	0.67510369647485	-2.6645035539641
-0.57133969949665	-1.4660029887086	0.387814284671036	-0.41324815335568	-0.195327454169174	0.666250806899051
1.26429920755097	-1.99397592510251	-0.58010637609483	-0.314430826048855	-0.537523075741271	-2.15944439614459
0.641560876116111	-0.172508324980837	0.750705049303141	-0.182229239897235	0.95542115116151	-3.31040940676277
1.02348592226731	1.97435689313369	0.785638205339956	0.0366044665267097	1.9803396848751	0.0827458348442007
1.92211902005008	-3.12791877878835	-1.17404035269552	0.188974781461504	2.57821642420575	-1.74676753806846
0.970059016749806	0.50127079398774	-0.108989282734367	0.43774321109265	2.48734031135612	-4.64842399473683
1.02533979056116	5.85571128072954	-0.220442077176741	0.996567255136282	-3.46450788608984	-1.21479828636587
0.762706708071323	-2.03448643165878	-1.51795197423587	0.346440852497646	-4.53203016630037	-5.7863856528098
-0.84786225270666	-1.49315012107388	0.392119892067065	-0.262788907942149	-0.800082341957361	1.45994024184696
2.51415424336148	-2.30107173087541	-0.260915233784344	-0.608610701497387	3.8954622982318	-2.53012073745803
1.53085775420914	-0.272104165389071	-0.135334616099357	0.0220303260912934	-0.180799525123719	-4.29108350385919
1.23742042858611	0.908094897186101	-0.134908692417885	0.174304472331033	-3.06329186841362	-0.989031149401705
1.01019730778343	-1.89035596379567	-0.124400573715116	-0.0272786238863372	2.74479905959023	-1.54281854714783
1.3801407526697	-0.517713620273823	0.680032534043107	-0.493351173240428	0.223963390766808	-1.56340378292209
1.16479542767984	-0.988654750981266	0.520577680162958	0.800669586080602	2.02163445957514	-3.58365533539215
1.42641976756586	-1.56821462173176	0.0888066806715773	0.57396453557847	-0.240257008953326	-6.64139318261162
0.790138924715036	-3.54280959197562	-0.126639181958153	-0.111353956712369	1.44409858222296	-0.835337387744724
1.28743749362764	-1.99217238218611	-0.796711169879561	1.24740877206643	2.65185025108292	-0.527764546616843
1.42491669010067	-2.25971375207099	0.00188297479587932	-0.691465313975168	3.00968578547471	-3.44226313916354
1.81491526316381	-1.81955034669906	0.448081315962194	0.312760004032042	-1.39096921893146	-1.02302075012562
1.4617623800484	-2.23606744569021	-0.851868729566352	0.447779278245544	1.2422258869774	-4.09939079209738
2.41757601708595	-1.94026328298656	0.97049410133884	-0.680505881312404	-0.675064456204961	1.4306132348296
1.59385124385168	3.91618245629034	0.923091934038372	0.285960484549921	0.241601062420729	-1.49170722636767
-4.02756571754588	-0.740460597376167	0.402255800955386	1.27065480047722	-11.9752716052689	-6.88281747974144
1.96130558174216	-2.54987987925321	-0.813974101280266	1.63704674467027	-0.30431244100591	1.86840952563467
-0.501116267668596	-3.73134533125264	0.337824171464539	-0.332666775067185	1.58181241456974	-0.773322201909703
1.62745659548597	-2.62091051455932	-0.891841060181363	0.0687742734359367	1.5682970508676	0.586795076880756
1.53478820747305	-1.01858295307827	0.0881668015614528	-0.855654799523403	0.757662722398558	-1.13946420742873
1.62721177641751	-2.05581699419655	0.22425727371976	1.04596573252798	-4.71235429332819	2.16494183806958
1.8915543633136	-3.5148352575889	0.110693353841954	-0.486462030261176	2.0916884153965	-1.04743038369143
1.98080726833122	-2.87654710757954	-0.197042398163852	-0.893633699612778	2.26795095528954	-1.4005327914305
1.71795705858462	-3.08650143438725	-0.0530030852148448	-0.55224557159658	-1.24133785778814	0.615026727739063
2.07112199850001	-0.550079661826836	-0.260937463238021	0.429825323127579	1.08359614703585	-1.93268536108218
1.67966770919384	-1.29683474767879	-1.10002623700724	-0.329424323534896	0.410371482569513	0.0934991598067567
2.03602476635324	-1.10200664404208	-0.50554866626211	1.32300301860829	-3.61176035694285	1.37646176745609
2.40582871030086	-1.27307111177371	-0.988885682931469	-1.10360098041456	-0.096455068109681	1.26519994237288
2.01237673417352	-0.40816034971407	-0.582983622894728	-0.187874925435867	-1.50211374632933	1.9724769652315
1.63086524325993	-2.47447301125592	-0.0724394794630785	-0.846133862678643	-0.662152153108479	-0.868483476047766
2.52607918718888	-2.75133425460549	-0.0237820359263615	0.000353935289999532	0.374084833735246	-0.208121956749798
2.23673436206606	-2.30428131208715	0.220162508837011	-0.337918293014429	0.652757128016495	-0.87095466371374
1.92108613058622	-3.17538739011848	0.290731369768785	-0.612239900867513	-3.09709128733297	-0.32237657258162
2.70784185854689	-4.11335949026283	-0.156708266910794	-0.299752998391464	-0.41817341881874	0.240450072565793
0.873488265491712	-2.54764785431449	0.00155751026259975	-0.496797867864283	0.773417399601113	-1.85864393407699
1.51892562648544	-0.52605451332032	0.134438414173759	-0.510804447790285	-0.719117425891064	-0.169029740266997
1.37316162090246	0.0909493012155492	-0.445212057025688	-1.20071101568434	3.6832890820014	-1.78998209361665
1.60586464036447	-1.99851874204222	0.664397362712226	-0.329105355699393	0.381016633064519	-0.0712992471335577
2.00235483145427	-2.89727577656623	0.423151457657754	-0.841658990817908	1.08996539805359	-1.60543761896388
1.55951109933528	-4.10460553486785	-0.196512916882961	-0.0843061039469762	-0.59748314441455	-0.288284540261336
1.36536797964042	-1.82623485667797	0.330018493565845	-0.115884318087658	2.52972180297961	-1.60098756515691
2.25405298746498	-3.48742060310398	-0.43981329639322	-0.556310864019216	0.509034364463196	-0.991332043708995
1.37608337817458	-1.48679155164989	-0.154878853791424	0.231419183172778	-1.42060047831601	0.413131783746178
1.52540277173244	-3.1041148477336	0.363678854947526	-0.437273483012375	0.94804891894252	-1.93995098985935
1.92311643725265	-2.15197965426182	-0.777925977171517	0.355190733344659	-0.776255885055936	0.578475411888519
0.561372118432851	-0.528089586690252	-1.23573851334726	-0.135057507183074	-2.85194662726596	-1.81304935346569
2.18926063152503	-0.956233603495313	1.07239133881497	-0.252263328154738	-1.79725608025273	0.169290558521198
1.88459048561228	-3.45989855733385	-0.540127560966412	-0.0341455333719375	1.10798521061462	-1.63765597861125
1.28779089210006	-0.406878532299769	-0.201925188313319	-0.441920049459029	0.461609418305135	0.215272020705025
1.04959691492631	-1.65470818223644	0.0244485911280517	-0.362322365801173	-8.60439002613327	-1.29388855156551
1.96474202829625	3.201481356039	0.375345106124334	-0.0544845775728442	-6.78568189984509	-1.51410099470021
2.62783105817991	-3.66542955830347	-0.241695590344993	-0.61806426305124	-0.228358647741408	-0.513457799828494
1.95154682429033	-3.84052591876417	-0.1595181115461	-0.573266340977023	-2.36824123742008	2.04911451851805
2.01296952747479	0.548787968742045	1.7175657224775	-0.437648628436144	-3.01849425369591	1.65384721885454
1.6642053611957	-1.25835577894398	0.800564587924552	-0.000882758622728755	-5.3375426854276	-1.10930593566857
1.89981275364702	-1.66883574605131	0.260501257629489	-0.352708684284747	0.491759374523584	0.00218257066031771
1.9234777217751	-1.65459774678544	-0.308857503178355	0.158666813891489	-4.09538118814684	3.15567035005057
2.31887834569595	-2.94387582034032	-1.08927503989365	-0.86120004558608	0.837754423333844	-0.377147659863887
0.436048087479631	-0.438484747940451	-0.277234941592371	0.276359724771507	-5.89280034909395	-3.36559169524227
1.82705750208091	-1.58359874147599	-0.151250388012398	-0.0157793403059748	-1.660739042214	-0.315225424684489
1.6168678076912	-2.4430037134301	-0.136381757143537	-0.0453402034278512	1.36617873649443	-0.854883253906876
1.72022653158052	1.65924221350669	0.679101985186967	0.197730528506884	-1.91285451565606	1.64257023297333
1.53481028178209	-3.07469078582297	-0.175923218758582	-0.757353533954592	0.459600858597312	-0.704411139731343
1.46440384658248	-0.380226448451067	-0.635044583557788	-0.388445303552882	-5.80858578240979	2.42343651717145
2.55559944269642	-1.60408064718721	0.494762977028202	-0.372583345703302	-1.57486217854684	1.71598667188945
1.86982095915079	3.39833978562879	-0.0146457037741927	1.00841762519559	0.0978717295599788	0.307445034976014
1.50249038970098	-0.7823540211357	1.09682299894997	0.126550811521683	-5.2574809995139	1.90125865248978
1.41215701575874	-2.5013925998253	-0.616484670755961	-0.242807550660218	-0.359734777372975	-1.75185445649312
1.82945677879953	-1.89988870886941	-0.396383995417614	-0.557312340935165	0.151998694631874	-0.790241578207503
1.68871403221347	-1.09820603135413	0.103505294155867	-0.506695814503078	0.936538463753172	-0.806781470454197
2.25096602491646	-0.0277509961894438	0.0344777221830279	-0.55926318759083	-0.253389112800973	1.5253543278062
1.85127598667733	-3.28882148048622	-0.226361291388057	0.0863500783605831	1.0675333047309	-0.91438543038165
1.67329287167974	-0.300699325103763	-0.75769886511557	-0.177869694842579	-2.00770481181643	0.0104361251673709
2.04959858202786	-2.15922909703386	1.01389091622252	-0.194680178095735	-0.0662946578506897	-0.619172246286571
1.41949803536872	-0.153085250817938	-3.32436750144689	-1.65015460676723	-1.84272037587898	4.86498949658088
0.318655651838927	4.3932442336893	-3.89740070302484	-2.14140278440752	1.80598115742732	1.07266102249341
1.83642118657534	2.00979226356648	-1.81625984625956	-1.44589212404213	1.54798522740927	0.917118292773008
1.24549584373531	3.41181050587203	-3.62501018975892	0.227191522949001	2.62243098837287	0.421287139136664
0.833128720943761	4.77636908587305	0.0303980418233738	-1.6475299312493	-1.28711445733743	0.997289570293189
1.6306614548115	-0.094128491797565	-0.60602593100652	-1.38547012954479	-0.564464841812107	2.0256528216423
0.691673058964654	4.0028299343453	-2.49842224948013	-1.54695018303031	-4.64256802614171	-1.45622456631279
-0.283271121121955	-0.751397243704043	-2.31278342880477	-1.4173724199407	4.16724163121582	-1.94119000946378
1.07401606010104	3.5499942615669	-2.0802849024735	1.09518167095048	-1.25749046472723	-2.43501748247231
0.917626622915915	2.03547153842064	0.0489687017074157	-1.25978754909281	-2.66123113326189	1.09665762847538
0.934537667847012	0.81910674857597	-2.08323747017108	-1.98275343949947	2.76811278303411	0.500755813290456
1.54049443423349	0.429616408060151	-0.525541203459559	-1.33676815378298	0.717832934661736	-1.49710052897213
1.79198414480157	0.674550536210526	-2.64439465728995	-1.47448394267944	-0.0259778428594206	1.53309785822589
0.240914085444409	1.27539457696112	-1.18426947171906	-1.05476263557352	-1.22996794623737	2.31696219990315
1.89960519674693	-1.33092550305556	-0.484844113345208	-0.809962649089689	0.20638464664191	1.67429077677117
1.38865524642921	-2.17419156561544	-1.40114531125601	-1.61669743605016	0.424178634562963	-0.216121994948307
1.51579084985831	3.60015833240961	0.604265179878301	-0.483978681900694	0.275755524832192	-1.50435419260974
1.29457515438402	0.115818773039489	-2.6049643288805	-1.24611463960154	-2.13487375649619	2.49845347865833
1.34852432201379	-2.91208193113512	-1.12194642802767	-1.06973461052208	-0.0882461570321141	0.028179278137902
0.597246437519281	1.9267377792426	-1.22877411395459	-1.46069295515377	-8.21968219927455	-1.37752333210458
2.17449819836961	2.57386921545843	0.199475344034282	-1.21972480822625	-0.180016491468068	1.46159615057251
1.64461490663622	1.53806662689044	-0.836118282214268	-0.634391714382807	1.03596803940958	1.55353421190456
1.50228486067235	-0.0986394312161931	-0.989660931086554	-1.11254281827174	0.459658923323833	-1.40644304565298
-1.74220967186992	15.6857580676449	-8.42930186664646	-4.07225127785905	-1.56512918565906	3.25972950136084
1.41309522026881	-2.08513679652483	-3.40211449820177	-1.61957835371303	0.241483724279125	-0.847324209622178
2.22829930744721	1.01755451456307	-4.01293773429086	0.802471229414402	1.34093746300311	2.93622453459238
2.0390525575081	-0.719067960064038	-2.23217628370233	-0.687412641360102	-0.137327889081645	2.14721320544758
0.872343847637387	1.92763073755458	-0.829713277823865	-1.12254665413518	-5.74621432086206	0.509685532018718
1.79511928719273	0.747064378904218	-2.09678918814182	-0.764923223066493	-4.19977214589611	1.04193642135349
1.60926963100255	-0.724877148136349	-1.24310084865449	-1.28906881646785	-6.80010793480371	2.26245768111428
1.14153033675702	3.41498936103167	-1.49450434881845	-1.14069568798553	-1.97065766046991	1.76111928858641
1.88665016723087	1.94433233841695	-0.484153673352684	-1.78367155691346	2.14796195487901	-1.62439879691895
1.71414958791334	2.77843599496859	-0.388342010037738	-0.418689046492528	-2.18060540484136	0.316089479072156
2.33060800296428	2.12417753969921	-1.0480929803797	-2.07077142273057	0.851911950580323	0.561603393546872
0.899613333938975	-2.50810826080803	-1.96482238916919	-1.38284068067958	-13.2993700935023	0.364290787230547
1.0414514594751	1.75182131822655	-1.85494580474951	-0.894114511811143	-1.26737787903366	1.70731787417491
0.702842393336189	0.500422785840031	-2.02783367203338	-0.286809885991129	-2.36549703319869	-1.08909765263759
1.39408410679682	2.29071490774551	-1.64876699547329	-1.82424958656413	0.0488860683248106	0.675909953720412
2.17437728252953	-0.534222101869044	-0.958742461693632	-1.47239994970303	1.37831520007017	-0.687964743168404
1.6462927586725	1.1336865670168	-0.854149976203814	-1.39793541375767	0.61231733144354	-0.814480606461887
0.376912512208349	-0.0234316195215605	0.416944071885124	3.80004859999744	2.21580741959139	0.815383140406959
1.11247878074179	4.42291924262751	-4.39452210330599	-1.00330645130437	-3.1029354298136	-1.51325368235374
-0.138326254952807	1.26787443199213	-0.822166022108158	9.0904887520008	3.22247830956568	2.40996576406533
0.0482729708089234	6.68224824321853	0.0652846660799009	0.592335233817133	-6.54509812217317	5.01391185342212
0.949694211888793	0.221825191659276	-0.587362557809053	0.142198894651057	0.436822456097695	1.01190532160151
2.11289888152498	0.135565924217008	-1.48019005411202	-0.0278397263588853	-1.48672804951702	2.14230386238503
1.13470813504427	3.84939914440651	-0.107967939826635	-1.03104676547238	-0.786500747686918	-1.36450366478404
1.58977991200453	0.034073456982737	-2.09146995222335	-1.11694308110595	-1.26231791264896	-0.670491758267986
0.199230067538368	-0.29089051635802	-0.679365780719961	4.39042686142741	-4.37311156944883	4.8682573284752
0.0101244105700738	-0.278191264660175	0.144881997656255	0.559922813718073	1.3975390898854	-2.00206508457209
1.04320187985964	-1.9261310152854	-1.15112669638751	-0.720811295312302	-1.37424674877287	2.08557945501282
2.19575256525193	-1.15572155852956	-2.03129489281155	-0.968062376152877	-4.27949924853965	5.43388133504569
-1.29705034604104	4.21889170389094	1.09217561063538	-0.637013655168373	-2.28005677459476	3.09219660649924
1.25308704499941	6.92333822663763	0.734007915695748	1.5621689138272	-0.742479751208094	-0.776377451255841
-0.167938599843016	-0.248017929627327	0.20818227820111	0.875933888584984	-5.46574887632415	2.22759620616159
-0.537905083837197	0.185286004469048	-0.296450198468951	7.66518727269412	-4.53123216543525	1.94804909765259
0.969270549290645	-2.91557560383573	0.228305166912281	-0.397786921852514	-4.37864969617347	1.41089816632049
0.255767443719436	2.98157729924744	-0.966277867064924	1.99253972344729	-2.38463708989583	1.63741971534672
1.04285980025705	-2.65885304827575	0.0597166269818482	-0.271930342231633	-1.49776781930759	0.830194460433093
-0.574611455857584	-1.73881442790951	-0.906716560333271	0.496218257505842	-5.14952864469441	-3.28299824546943
-0.531108047144052	2.71520951881164	-1.30396163678461	3.07722511692804	-0.158504589923699	4.34862295924058
-1.44393217414705	0.677603508857012	0.267800064032793	0.153180639155798	-3.05692620192404	0.159973753453305
-1.77850428374732	9.3634260079059	1.38245882131179	-1.13285782332005	-3.39709821313238	1.65995457364393
-1.78350914205741	0.534861282509748	-0.201775554446637	2.88068769419791	-1.73668165664851	-4.33729567714966
-1.91131622566904	-2.33849892531314	-0.683570810326456	-0.166238407811752	-5.92846871132487	1.73402691039007
-0.27495886184312	-0.363958250758369	-1.24195279727567	0.675901300538175	-10.3379432932933	7.36021318952118
1.4510976573741	-2.76236581677396	0.842787596499605	3.351142650155	-0.86351686381116	-2.03611388534238
-1.38343853769747	1.32438530629815	-0.389010666196845	1.43488404980524	-5.48460239269072	-4.27055063052249
-0.997906874976331	6.98201113019554	-0.21414320823969	0.93916295530543	-4.44563551673254	1.55506113909307
-0.241684788983714	-1.41515305417552	-0.661241215528084	0.214888579862333	-0.905626638614786	1.81913308008845
1.34134484236059	1.77434757512068	1.18413212118429	-0.621737767677966	-0.703764999879832	-0.43122819309883
-0.944722031373706	-0.967206741930567	0.335249931921387	0.177471439441828	-5.39162108517945	-6.92060584262632
0.969220965813329	3.16366951666038	0.164297822404313	-0.796551469516268	-3.89202505240496	3.14431422888246
-0.394696334248399	-2.25241355407711	-0.481264094719755	6.77115686975316	-4.56390935524726	-7.27089452379994
-2.38081924158303	-2.7258762946022	-0.59363542545164	-0.166498021553754	-2.03298839801904	-16.355344833936
0.509769016097564	-4.32250463064827	-0.744767466412899	0.0901669693356294	-7.66902680941343	-0.406049044340807
-0.202029930114099	1.53953389511465	1.53996694878903	1.08127705305833	-4.46819759817452	-3.8984935816965
0.825384914257113	-2.46372922263105	-0.855789027409873	5.45066941531615	-1.82428612544132	-1.17905044437169
-0.649886788449006	-2.19694585071178	-0.494639738724109	1.90439281197394	-2.2528582384716	-0.761982252871017
-0.151582112164353	0.151295549249589	-2.0701254860984	-0.827879436890766	1.96103934575101	-5.23397486623503
1.17245385957372	0.216600368761761	-0.0343385000396807	-0.11895984921151	-5.07036099900485	3.27837949733266
